3.5433e+13 0.00112725
2.02588e+13 0.0010354
88002600000000 0.0002672
1.19472e+14 0.007181
0 0.02704
0 0.000222
0 0.000108
0 0.00156
0 0.00075
0 0.000168
0 0.000162
0 0.000414
0 0.000306
0 0.000252
0 7.2e-05
0 4.8e-05
0 0.000468
0 0.0012
0 0.000186
39497000000000 0.001352
63894600000000 0.00167
9.57452e+13 0.0049286
25608440000000 0.002508
9.57865e+13 0.0015564
23461350000000 0.0055771
3.87386e+13 0.0031128
1.73286e+12 0.016224
1.34514e+13 0.000778752
937100000000 0.004056
13398400000000 0.00234757
5.82173e+13 0.0058365
23190090000000 0.0053177
50202040000000 0.0029831
25784500000000 0.0037613
5.22466e+13 0.0035019
3.78356e+14 0.0041504
8280300000000 0.0024643
1.93414e+13 0.0019455
7.18934e+12 0.00338
47114480000000 0.0041504
6009360000000 0.0041504
63601200000000 0.0070038
18136800000000 0.002594
64091250000000 0.002594
2.81215e+13 0.0284735
36230400000000 0.0032425
17352000000000 0.000334
32655420000000 0.0018158
7793680000000 0.0045395
3.11202e+11 0.3663
35731080000000 0.005808
36683460000000 0.0066
56736220000000 0.003168
2217974000000 0.555
11868430000000 0.007587
4967200000000 0.003372
17337000000000 0.017703
8.29985e+12 0.0045968
1.86514e+12 0.0059488
3349140000000 0.004056
2.99516e+12 0.2775
84441600000000 0.0004732
6158670000000 0.002704
7278260000000 0.0010816
3767820000000 0.00389376
49611900000 0.00275
989194200000 0.0037856
3.72389e+12 0.00281216
840466000000 0.0211047
3087133000000 0.00086528
3.24867e+12 0.00267696
827880000000 0.004125
3894510000000 0.00735488
1.025e+12 0.0014872
2684700000000 0.0058136
1.19836e+12 0.0018928
1.45818e+12 0.001384
5.64122e+12 0.0075712
6.9741e+12 0.0025688
4.62658e+12 0.00259584
34536000000000 0.00687
1280922000000 0.009618
1481825000000 0.0333882
1017120000000 0.0129015
