NGC4278	4070.6452339054	398.3055536759	6.39E+038	127800000000000000000000000000	AGN	5
NGC7213	176.5488502636	20.0437130585	9.76E+038	195200000000000000000000000000	AGN	5
NGC7213	90.4213123178	22.480412489	8.11E+038	162200000000000000000000000000	AGN	5
PKS2004-447	40.6707934833	8.1024100402	4.68E+042	709090909090909000000000000000000	AGN	6.6
IIIzw2	566.1812681419	43.0860897544	1.81E+042	226250000000000000000000000000000	AGN	8
1730-130	1423.8156807953	140.8256827282	1.67E+045	334000000000000000000000000000000000	BLAZAR	5
1803+784	2465.6224426872	162.1491846187	3.17E+044	63400000000000000000000000000000000	BLAZAR	5
2223-052	1124.2758820113	85.6234825609	3.56E+045	712000000000000000000000000000000000	BLAZAR	5
2223-052	2496.671312972	117.5285439911	3.94E+045	788000000000000000000000000000000000	BLAZAR	5
2223-052	3709.805646992	213.1730262754	3.61E+045	722000000000000000000000000000000000	BLAZAR	5
3C120	1478.6604164677	785.7338273482	6.54E+041	130800000000000000000000000000000	BLAZAR	5
3C120	4110.7383584917	363.2955450079	6.43E+041	128600000000000000000000000000000	BLAZAR	5
3C120	777.693389404	124.1379084708	5.09E+041	101800000000000000000000000000000	BLAZAR	5
3C273	1148.200012768	122.3577550322	1.46E+044	29200000000000000000000000000000000	BLAZAR	5
3C273	1373.2134664453	130.1635774889	1.62E+044	32400000000000000000000000000000000	BLAZAR	5
3C273	5268.3930136894	944.2960314352	1.38E+044	27600000000000000000000000000000000	BLAZAR	5
3C279	2324.1463700901	142.9968763485	1.19E+045	238000000000000000000000000000000000	BLAZAR	5
3C279	3771.6506893257	364.2459317158	7.10E+044	142000000000000000000000000000000000	BLAZAR	5
3C345	3315.9885028047	140.4060630827	8.61E+044	172200000000000000000000000000000000	BLAZAR	5
3C454.3	1093.392324036	83.0083363089	2.90E+045	580000000000000000000000000000000000	BLAZAR	5
3C454.3	1310.3022382452	77.7929166674	2.82E+045	564000000000000000000000000000000000	BLAZAR	5
3C454.3	2248.9204057592	144.6917646192	2.50E+045	500000000000000000000000000000000000	BLAZAR	5
458020	1011.3507945071	130.397480689	6.79E+045	1358000000000000000000000000000000000	BLAZAR	5
458020	1086.6524952693	82.0491244361	7.94E+045	1588000000000000000000000000000000000	BLAZAR	5
AO0235+164	127.2731606957	10.1811759545	8.23E+044	164600000000000000000000000000000000	BLAZAR	5
AO0235+164	184.7151603564	27.6246900723	8.23E+044	164600000000000000000000000000000000	BLAZAR	5
AO0235+164	187.1406280039	11.3788272877	8.33E+044	166600000000000000000000000000000000	BLAZAR	5
AO0235+164	193.8767254617	10.8531297493	6.17E+044	123400000000000000000000000000000000	BLAZAR	5
AO0235+164	237.3482297513	18.2210377178	8.33E+044	166600000000000000000000000000000000	BLAZAR	5
AO0235+164	580.0414242384	26.8548493108	5.56E+044	111200000000000000000000000000000000	BLAZAR	5
AO0235+164	643.057537959	61.5727472261	5.97E+044	119400000000000000000000000000000000	BLAZAR	5
BL_Lacertae	248.8176310581	39.9016155168	2.17E+042	434000000000000000000000000000000	BLAZAR	5
BL_Lacertae	575.4774995779	270.6463446938	1.76E+042	352000000000000000000000000000000	BLAZAR	5
BL_Lacertae	642.9900167441	72.7740254174	2.55E+042	510000000000000000000000000000000	BLAZAR	5
CTA102	2292.8659310847	222.9531167276	1.42E+045	284000000000000000000000000000000000	BLAZAR	5
CTA102	3343.6607869506	530.5612812959	1.22E+045	244000000000000000000000000000000000	BLAZAR	5
CTA102	4153.934856332	642.0203498846	1.17E+045	234000000000000000000000000000000000	BLAZAR	5
NRAO150	5260.214942903	355.5830832564	1.46E+046	2920000000000000000000000000000000000	BLAZAR	5
NRAO530	1218.7265623648	134.3087748778	1.31E+045	262000000000000000000000000000000000	BLAZAR	5
S40954+65	372.9036985521	64.8162426858	2.70E+043	5400000000000000000000000000000000	BLAZAR	5
S40954+65	407.3360074399	53.7757046153	3.24E+043	6480000000000000000000000000000000	BLAZAR	5
S40954+65	474.1041695044	38.3587799298	2.33E+043	4660000000000000000000000000000000	BLAZAR	5
0336-019	1606.35786166	157.7934988593	7.31e44	91375000000000000000000000000000000	BLAZAR	8
0336-019	523.0550524891	19.3993590858	7.248e44	90600000000000000000000000000000000	BLAZAR	8
0528+134	961.4241834872	50.3574526752	9.9876e45	1248450000000000000000000000000000000	BLAZAR	8
0851+202	126.5671737682	85.7468826296	5.309e43	6636250000000000000000000000000000	BLAZAR	8
0851+202	134.8615591994	18.402596288	8.462e43	10577500000000000000000000000000000	BLAZAR	8
0851+202	155.7150237869	15.658559674	4.5428e43	5678500000000000000000000000000000	BLAZAR	8
0851+202	337.0226797991	20.3820029214	6.2566e43	7820750000000000000000000000000000	BLAZAR	8
0954+658	138.0907113291	6.6870333891	3.106e43	3882500000000000000000000000000000	BLAZAR	8
0954+658	211.0431183608	29.3278024496	14.08e42	1760000000000000000000000000000000	BLAZAR	8
1237+049	159.3572780223	63.7582655854	7.91334283114638e44	98916785389329800000000000000000000	BLAZAR	8
1237+049	243.4268343426	50.2044455297	6.7614005202833e44	84517506503541300000000000000000000	BLAZAR	8
1237+049	262.7584655351	22.3785377763	8.063596176041564e44	100794952200520000000000000000000000	BLAZAR	8
1237+049	279.7163204725	14.8731347459	8.681304371721767e44	108516304646522000000000000000000000	BLAZAR	8
1237+049	313.3712590085	21.0732488941	7.228855371068318e44	90360692138354000000000000000000000	BLAZAR	8
1237+049	89.6577534715	23.0555587057	7.696310221853337e44	96203877773166700000000000000000000	BLAZAR	8
1413+135	1385.5958744306	106.4173229416	1.9918611126376216e43	2489826390797030000000000000000000	BLAZAR	8
1413+135	560.975489919	46.5979624466	2.369431352157629e43	2961789190197040000000000000000000	BLAZAR	8
1749+096	123.9527815879	11.4634803705	8.730772845726084e43	10913466057157600000000000000000000	BLAZAR	8
2200+420	206.4191272184	21.2715422128	3.716479690225348e42	464559961278169000000000000000000	BLAZAR	8
2200+420	224.9482952872	19.2030547524	5.0001322148097605e42	625016526851220000000000000000000	BLAZAR	8
2200+420	237.9334990493	17.8827076803	4.544304583630806e42	568038072953851000000000000000000	BLAZAR	8
2200+420	322.0994112215	39.2022916842	4.736415845813507e42	592051980726688000000000000000000	BLAZAR	8
3C279	740.363036678	11.9282054891	1.9782011851736365e45	247275148146705000000000000000000000	BLAZAR	8
GRB030329	19.0566050536	3.6313134288	2.11E+040	4220000000000000000000000000000	GRB	5
GRB110709B	10.8857164969	3.544005488	4.16E+039	832000000000000000000000000000	GRB	5
GRB970508	11.3731194904	3.5271928022	2.05E+041	41000000000000000000000000000000	GRB	5
GRB060418	7.2735280697	0.7160961633	1.57E+041	19625000000000000000000000000000	GRB	8
B0605-085	2107.5992652909	133.8818881315	5.15E+044	103000000000000000000000000000000000	QSO	5
B0605-085	3954.1305044957	213.5135817241	5.37E+044	107400000000000000000000000000000000	QSO	5
0850-121	180.723186218	13.996828057	12.546e43	15682500000000000000000000000000000	QSO	8
1328+254	1151.7603744787	170.4495348731	1.1580061113621626e45	144750763920270000000000000000000000	QSO	8
1622-297	195.2450639875	64.6516658816	6.353815148711493e44	79422689358893700000000000000000000	QSO	8
1622-297	24.7727415176	1.4162311462	8.269887529494802e44	103373594118685000000000000000000000	QSO	8
1622-297	39.7890574112	1.9936215207	5.9219542753225085e44	74024428441531400000000000000000000	QSO	8
2005+403	320.8556968325	32.6907447239	4.889252871845461e45	611156608980683000000000000000000000	QSO	8
2005+403	459.2173285811	60.9712995244	4.643726279687169e45	580465784960896000000000000000000000	QSO	8
2005+403	801.5133326989	73.2366961208	4.20832578959313e45	526040723699141000000000000000000000	QSO	8
Swift1644+57	110.751631006	22.8046828149	8.07E+040	16140000000000000000000000000000	TDE	5
