GROJ1655-40	2.1807674378	0.0641734404	4.54E+031	9080000000000000000000	BHXRB	5
GX339-4	0.1871581306	0.0037786866	1.88E+031	3760000000000000000000	BHXRB	5
LS5039	1.9189983685	0	8.69E+029	173800000000000000000	BHXRB	5
LS5039	3.2562670696	0.9389780065	8.57E+029	171400000000000000000	BHXRB	5
MAXIJ1836194	2.9249377376	0.0580314537	1.74E+031	3480000000000000000000	BHXRB	5
SS433	15.9657975321	0.6099559223	1.13E+032	22600000000000000000000	BHXRB	5
SS433	4.3780392116	0.6989004852	1.99E+032	39800000000000000000000	BHXRB	5
XTE.J1748-288	10.4678597676	4.2288022834	2.46E+031	4920000000000000000000	BHXRB	5
XTE.J1748288	8.6011030676	6.0344085059	7.87E+031	15740000000000000000000	BHXRB	5
XTE.J1859+226	0.8228310396	0.0711686939	2.33E+031	4660000000000000000000	BHXRB	5
1748-288	0.845332825	0.2656684054	1.3937934674885778e32	17422418343607200000000	BHXRB	8
1915+105	0.4527891444	0.0410557969	2.941816640465014e32	36772708005812700000000	BHXRB	8
1915+105	0.4768958655	0.0404577516	4.338895585550716e32	54236194819384000000000	BHXRB	8
1915+105	1.3358866894	0.1098336412	2.33982327388337e32	29247790923542100000000	BHXRB	8
CygX-1	0.819362696	0	1.3531323967465684e30	169141549593321000000	BHXRB	8
CygX-1	2.4424768275	0.285795451	9.225902705090239e29	115323783813628000000	BHXRB	8
CygX-1	7.0177364633	0.4388512196	7.995782344411541e29	99947279305144300000	BHXRB	8
SS433	0.6681110663	0.0146551257	4.2082743833679055e32	52603429792098800000000	BHXRB	8
SS433	1.9649340238	0.4029516289	2.2290792111631623e32	27863490139539500000000	BHXRB	8
SS433	2.3446838581	0.2194663136	3.665912435174066e32	45823905439675800000000	BHXRB	8
SS433	5.521342754	1.3680568936	2.3852567355121732e32	29815709193902200000000	BHXRB	8
SS433	6.9324974653	0.6047757807	2.47612365876978e32	30951545734622300000000	BHXRB	8
SS433	7.3590709939	1.4393264604	4.154322147683703e32	51929026846046300000000	BHXRB	8
CygX-2	0.1546167355	0.0893424089	5.05E+029	101000000000000000000	NSXRB	5
GX13+1	0.1429484037	0.0083720195	1.88E+030	376000000000000000000	NSXRB	5
ScoX-1	0.228571099	0.0280167191	7.54E+029	150800000000000000000	NSXRB	5
ScoX-1	0.2699522719	0.058657697	9.27E+029	185400000000000000000	NSXRB	5
ScoX-1	0.4104044039	0.0469315968	9.38E+029	187600000000000000000	NSXRB	5
AqlX-1	1.4856654674	0.2510192923	3.285477597124206e30	410684699640526000000	NSXRB	8
AqlX-1	4.7494931345	0.8204795265	2.2881004694257868e30	286012558678223000000	NSXRB	8
Cir_X-1	0.1141545701	0.0124843068	1.62E+031	2025000000000000000000	NSXRB	8
CygX-2	1.7152897479	0.4178944154	7.786018680453434e30	973252335056679000000	NSXRB	8
CygX-2	2.249366383	0.253283206	8.272644847981772e30	1034080605997720000000	NSXRB	8
CygX-2	3.9009652265	0.6615063252	1.84917943660769e31	2311474295759610000000	NSXRB	8
GX17+2	2.7527813706	0.593039098	8.448370964033673e30	1056046370504210000000	NSXRB	8
GX17+2	3.700904325	1.445613417	6.336278223025254e30	792034777878157000000	NSXRB	8
GX17+2	4.4389466305	1.2098008534	7.392324593529464e30	924040574191183000000	NSXRB	8
ScoX-1	0.4304683848	0.0485306881	7.065091024855893e30	883136378106987000000	NSXRB	8
CygX-3	0.1333920287	0.0040933306	1.16E+032	23200000000000000000000	XRB	5
CygX-3	0.9268086075	0.2650203715	3.40E+033	680000000000000000000000	XRB	5
CI_Cam	3.6300546438	1.9697834368	7.040309136694728e32	88003864208684100000000	XRB	8
CygX-3	0.3573442839	0.0214648401	5.778835932660615e33	722354491582577000000000	XRB	8
CygX-3	1.1642051003	0.0617008991	1.711001635951495e33	213875204493937000000000	XRB	8
LSI61+303	0.2346611526	0.0310941808	3.9050248011533425e30	488128100144168000000	XRB	8
LSI61+303	0.7943268716	0.1948482867	2.2904472391380184e30	286305904892252000000	XRB	8
LSI61+303	0.9757727355	0.0835040678	1.7985643074542796e31	2248205384317850000000	XRB	8
LSI61+303	1.0389092093	0.1967764165	3.8299281703619317e30	478741021295241000000	XRB	8
LSI61+303	1.4948259867	0.1957449915	5.0690225784202047e30	633627822302526000000	XRB	8
LSI61+303	1.5488116652	0.2695882039	1.1489784511085796e31	1436223063885720000000	XRB	8
LSI61+303	1.624612562	0.1500064567	5.25676415539873e30	657095519424841000000	XRB	8
LSI61+303	1.6259930965	0.276711577	7.434566448349633e30	929320806043704000000	XRB	8
LSI61+303	2.2100886342	0.1410444409	6.98398666360117e30	872998332950146000000	XRB	8
LSI61+303	2.2419038518	0.2716579001	1.2466040711374133e31	1558255088921770000000	XRB	8
LSI61+303	2.328857414	0.2205823856	8.898950748782135e30	1112368843597770000000	XRB	8
LSI61+303	2.6648596852	0.3517647883	7.62230802532816e30	952788503166020000000	XRB	8
LSI61+303	2.7447480515	0.1278749909	4.843732686045973e30	605466585755747000000	XRB	8
LSI61+303	2.7475662254	0.206002372	4.5057978474846254e30	563224730935578000000	XRB	8
LSI61+303	2.783163582	0.3299567296	5.25676415539873e30	657095519424841000000	XRB	8
LSI61+303	2.9122381254	0.2072360886	7.359469817558222e30	919933727194778000000	XRB	8
LSI61+303	3.6429361055	0.1827683809	3.4168967010091746e30	427112087626147000000	XRB	8
LSI61+303	3.8183130904	1.076291312	8.185532756263737e30	1023191594532970000000	XRB	8
LSI61+303	5.0960583439	0.4366359611	3.229155124030648e30	403644390503831000000	XRB	8
LSI61+303	6.9072898892	2.3763222658	5.782440570938604e30	722805071367326000000	XRB	8
