CFOct2	3.097330484	0	3.8697042935	0	28436088888888900000000000000	3554511111111110000	RSCVn	8
HR1099	0.6839860153	0.3966154663	4.5606563252	0.2286367995	1.10E+028	1371125000000000000	RSCVn	8
HR1099	0.197776193	0	4.9990442939	0.3548833202	8.12E+027	1014508875000000000	RSCVn	8
HR1099	0.4507419043	0.1154149515	0.9650908563	0.2419848357	1.23E+028	1531887500000000000	RSCVn	8
HR1099	1.4998908442	0.9071987675	9.722851338	0.9469280155	9.94E+027	1242321375000000000	RSCVn	8
UXAri	0.612494173	0.1536078218	2.7141849643	0.1663916673	1.81E+028	2262500000000000000	RSCVn	8
HR1099	0.326104789	0.0984880038	2.7808911848	0.2984262949	1.04E+028	1303012500000000000	RSCVn	8
UXAri	1.8154788714	0.1792250536	13.3993286833	0.7240155121	1.79E+028	2237500000000000000	RSCVn	8
HR1099	0.5864946859	0.0969931944	5.3795427834	0.4377037973	4.98E+027	622751250000000000	RSCVn	8
UXAri	0.4186136943	0.0369078002	1.4164700832	0.1639398479	4.79E+027	598750000000000000	RSCVn	8
