SN1980K	78.8722137868	19.9534359763	5.75E+035	115000000000000000000000000	SN	5
SN1988Z	491.2927449867	79.6280435128	1.09E+038	21800000000000000000000000000	SN	5
SN1993J2	38.5335860412	6.8169164868	7.46E+036	1492000000000000000000000000	SN	5
SN1994I	9.3699397553	1.4884559287	7.45E+036	1490000000000000000000000000	SN	5
SN1998bw	25.1994731707	5.9034675455	2.36E+038	47200000000000000000000000000	SN	5
SN1998bw	5.062474671	0.3828706562	3.49E+038	69800000000000000000000000000	SN	5
SN2003L	42.7041382612	2.7858779358	2.02E+038	40400000000000000000000000000	SN	5
SN2003bg	15.3593860571	2.0014538143	1.10E+038	22000000000000000000000000000	SN	5
SN2004dk	8.5352541524	1.2923556493	1.31E+037	2620000000000000000000000000	SN	5
SN2004gq	20.2953945975	7.5957299248	3.95E+037	7900000000000000000000000000	SN	5
SN2008ax	16.3199664952	4.1772333941	2.04E+036	408000000000000000000000000	SN	5
SN2008ax	42.5302817839	15.8041250568	1.36E+036	272000000000000000000000000	SN	5
SN2008iz	67.9265349799	6.6139046056	1.32E+037	2640000000000000000000000000	SN	5
SN2011dh	24.4335573888	5.3731012534	2.89E+036	578000000000000000000000000	SN	5
SN2004cc	5.3144952391	0.801064848	1.39E+037	1737500000000000000000000000	SN	8
