CFOct2	3.097330484	0	3.8697042935	0	28436088888888900000000000000	3554511111111110000	RSCVn	8
HR1099	0.6839860153	0.3966154663	4.5606563252	0.2286367995	1.10E+028	1371125000000000000	RSCVn	8
HR1099	0.197776193	0	4.9990442939	0.3548833202	8.12E+027	1014508875000000000	RSCVn	8
HR1099	0.4507419043	0.1154149515	0.9650908563	0.2419848357	1.23E+028	1531887500000000000	RSCVn	8
HR1099	1.4998908442	0.9071987675	9.722851338	0.9469280155	9.94E+027	1242321375000000000	RSCVn	8
UXAri	0.612494173	0.1536078218	2.7141849643	0.1663916673	1.81E+028	2262500000000000000	RSCVn	8
HR1099	0.326104789	0.0984880038	2.7808911848	0.2984262949	1.04E+028	1303012500000000000	RSCVn	8
UXAri	1.8154788714	0.1792250536	13.3993286833	0.7240155121	1.79E+028	2237500000000000000	RSCVn	8
HR1099	0.5864946859	0.0969931944	5.3795427834	0.4377037973	4.98E+027	622751250000000000	RSCVn	8
UXAri	0.4186136943	0.0369078002	1.4164700832	0.1639398479	4.79E+027	598750000000000000	RSCVn	8
Algol_2	0.0914686879	0.0189680867	0.0404143317	0.2151723483	2.89E+027 361533954787548000 Algol 8
UXAri_3	0.9586042121	0.0886087115	0.0004141501	0.8220090046	1.74E+027 217076198381421000 RSCVn 8
Algol_1	0.2432590339	0.0232811538	0.060742814	0.3592992852	3.14E+027 391891767784975000 Algol 8
Algol_3	0.1393155661	0.0019309349	0.0088230819	0.1273932938	4.47E+027 559319706134425000 Algol 8
UXAri_1	0.272225715	0.0019340994	0.004522957	0.9608145067	4.41E+027 551490882374420000 RSCVn 8
UXAri_2	0.2271022349	0.0750241053	0.0939989674	0		4.69E+027 586692428057894000 RSCVn 8
