CF_Oct2	3.097330484	0	4.09E+028	5112500000000000000	RSCVn	8
HR1099	0.197776193	0	1.095871052520779e28	1369838815650970000	RSCVn	8
HR1099	0.326104789	0.0984880039	1.4074986026080097e28	1759373253260010000	RSCVn	8
HR1099	0.4507419043	0.1154149516	1.6547307917916063e28	2068413489739510000	RSCVn	8
HR1099	0.5864946859	0.0969931944	6.727015380111812e27	840876922513976000	RSCVn	8
HR1099	0.6839860153	0.3966154662	1.481093300783592e28	1851366625979490000	RSCVn	8
HR1099	1.4998908442	0.9071987675	1.3419533245453822e28	1677441655681730000	RSCVn	8
UXAri	0.4186136943	0.0369078002	4.7874102129524144e27	598426276619052000	RSCVn	8
UXAri	0.612494173	0.1536078217	1.8140529875550083e28	2267566234443760000	RSCVn	8
UXAri	1.8154788714	0.1792250536	1.792932060144924e28	2241165075181160000	RSCVn	8
