MAXIJ1836194	2.9249377376	0.0580314537	4.4404205965	1.8732808902	1.74E+031	3480000000000000000000	BHXRB	5
GX3394	0.1871581306	0.0037786866	0.0768101142	0.0054146108	1.88E+031	3760000000000000000000	BHXRB	5
Cir_X1	0.1141545701	0.0124843068	0.0866789282	0.0122925381	16241420118343200000000000000000	2030177514792900000000	NSXRB	8
XTE.J1748288	8.6011030676	6.0344085059	5.3004519078	0.9238423085	7.87E+031	15740000000000000000000	BHXRB	5
ScoX1	0.2699522719	0.058657697	0.1106849191	0.0199191785	9.27E+029	185400000000000000000	NSXRB	5
ScoX1	0.4104044039	0.0469315968	0.2464557408	0.0396156557	9.38E+029	187600000000000000000	NSXRB	5
LS5039	1.9189983685	0	0.8403329721	0	8.69E+029	173800000000000000000	BHXRB	5
GROJ165540	2.1807674378	0.0641734404	3.8278242552	0.5664395545	4.54E+031	9080000000000000000000	BHXRB	5
XTE_J1859+226	0.8228310396	0.0711686939	1.6567371158	0.2896546446	6.409610e+30	1281922000000000000000	BHXRB	5
GX13+1	0.1429484037	0.0083720195	0.1055833177	0.0097213258	1.88E+030	376000000000000000000	NSXRB	5
CygX-3	0.1333920287	0.0040933306	0.1775941154	0.0095922241	9.79E+031	19578502000000000000000	XRB	5
ScoX1	0.228571099	0.0280167191	0.1623233053	0.0039103262	7.54E+029	150800000000000000000	NSXRB	5
CygX2	0.1546167355	0.0893424089	0.0776760928	0.0102692508	7.85E+029	157087220000000000000	NSXRB	5
LS5039	3.2562670696	0.9389780065	4.3806758322	0.7332580183	8.57E+029	171400000000000000000	BHXRB	5
SS433	4.3780392116	0.6989004852	15.3318281127	1.2786366831	1.99E+032	39800000000000000000000	BHXRB	5
SS433	15.9657975321	0.6099559223	25.0867081301	1.285269043	1.13E+032	22600000000000000000000	BHXRB	5
XTE.J1748288	10.4678597676	4.2288022834	11.2561077892	2.9109610723	2.46E+031	4920000000000000000000	BHXRB	5
CygX-3	0.9268086075	0.2650203715	1.3559704129	0.0820687619	2.87E+033	573658200000000000000000	XRB	5
CICam_1	3.6300546438	1.9697834368	6.2444999577	0.2412795465	7.04E+032	88000000000000000000000	XRB	8
LSI61+303	5.0960583439	0.4366359611	2.7293907904	0.1523392369	3.23E+030	403750000000000000000	XRB	8
1915+105	1.3358866894	0.1098336412	1.2055602899	0.1614513956	2.34E+032	29250000000000000000000	BHXRB	8
LSI61+303	2.328857414	0.2205823856	0	0	8.90E+030	1112500000000000000000	XRB	8
ScoX1	0.4304683848	0.0485306881	0.5410403335	0.0635368005	7.07E+030	883750000000000000000	NSXRB	8
LSI61+303	2.2419038518	0.2716579001	6.9953266772	0.3465284828	1.25E+031	1562500000000000000000	XRB	8
1915+105	0.4527891444	0.0410557969	2.5467737799	0.0692488003	2.94E+032	36750000000000000000000	BHXRB	8
LSI61+303	0.7943268716	0.1948482867	0.3360366477	0.2602385337	2.29E+030	286250000000000000000	XRB	8
CygX2	3.9009652265	0.6615063252	1.7630232646	0.0292360132	43161788547363100000000000000000	5395223568420390000000	NSXRB	8
CygX2	1.7152897479	0.4178944154	2.0339791944	0.0482860242	18173384651521300000000000000000	2271673081440160000000	NSXRB	8
LSI61+303	2.7447480515	0.1278749909	6.2145939941	0.3199619412	4.84E+030	605000000000000000000	XRB	8
CygX-3	1.1642051003	0.0617008991	1.1954219515	0.0372941084	1385911325120710000000000000000000	173238915640089000000000	XRB	8
LSI61+303	0.2346611526	0.0310941808	0.3926622311	0.0552258162	3.91E+030	488750000000000000000	XRB	8
LSI61+303	1.624612562	0.1500064567	1.3378677431	0.112740499	5.26E+030	657500000000000000000	XRB	8
LSI61+303	1.0389092093	0.1967764165	3.8091873276	0.6331709204	3.83E+030	478750000000000000000	XRB	8
LSI61+303	0.9757727355	0.0835040678	5.0773049291	0.2317223688	1.80E+031	2250000000000000000000	XRB	8
SS433	0.6681110663	0.0146551257	1.7826483729	0.2448200221	4.21E+032	52625000000000000000000	BHXRB	8
SS433	6.9324974653	0.6047757807	16.4154923149	2.0626066731	2.48E+032	31000000000000000000000	BHXRB	8
LSI61+303	6.9072898892	2.3763222658	6.362019029	0.4624292896	5.78E+030	722500000000000000000	XRB	8
LSI61+303	1.6259930965	0.276711577	2.249020501	0.3012454696	7.43E+030	928750000000000000000	XRB	8
CygX1	2.4424768275	0.285795451	2.1837117582	0.6371510264	9.23E+029	115375000000000000000	BHXRB	8
GX17+2	3.700904325	1.445613417	2.6944230395	0.1481961905	6.34E+030	792500000000000000000	NSXRB	8
LSI61+303	1.4948259867	0.1957449915	5.0916947271	0.5652159751	5.07E+030	633750000000000000000	XRB	8
LSI61+303	2.7475662254	0.206002372	3.5047077145	1.6132928911	4.51E+030	563750000000000000000	XRB	8
LSI61+303	2.6648596852	0.3517647883	5.0323430112	0.1819165642	7.62E+030	952500000000000000000	XRB	8
SS433	2.3446838581	0.2194663136	11.7477850387	0.4954843459	3.67E+032	45875000000000000000000	BHXRB	8
LSI61+303	2.783163582	0.3299567296	7.0272110116	0.2542325379	5.26E+030	657500000000000000000	XRB	8
SS433	1.9649340238	0.4029516289	5.6997887013	0.4744792549	2.23E+032	27875000000000000000000	BHXRB	8
LSI61+303	2.9122381254	0.2072360886	5.2233416967	0.4758418334	7.36E+030	920000000000000000000	XRB	8
SS433	7.3590709939	1.4393264604	16.3946405195	1.2590643105	4.15E+032	51875000000000000000000	BHXRB	8
CygX1	7.0177364633	0.4388512196	2.9515780956	0.7191369405	8.00E+029	100000000000000000000	BHXRB	8
CygX1	0.819362696	0	0.766576652	0	1.35E+030	168750000000000000000	BHXRB	8
CygX2	2.249366383	0.253283206	1.3781006563	0.5006152303	19309221192241400000000000000000	2413652649030180000000	NSXRB	8
LSI61+303	3.6429361055	0.1827683809	3.0952817467	0.3319947082	3.42E+030	427500000000000000000	XRB	8
LSI61+303	2.2100886342	0.1410444409	1.5039236206	0.0788326183	6.98E+030	872500000000000000000	XRB	8
1748288	0.845332825	0.2656684054	2.4100287259	0.2557591784	1.39E+032	17375000000000000000000	BHXRB	8
GX17+2	4.4389466305	1.2098008534	4.5647260672	0.6241059342	7.39E+030	923750000000000000000	NSXRB	8
LSI61+303	1.5488116652	0.2695882039	2.0558373341	0.2889761074	1.15E+031	1437500000000000000000	XRB	8
CygX-3	0.3573442839	0.0214648401	1.3174507623	0.0735696272	4680857105455100000000000000000000	585107138181888000000000	XRB	8
GX17+2	2.7527813706	0.593039098	2.4120620332	0.130203866	8.45E+030	1056250000000000000000	NSXRB	8
LSI61+303	3.8183130904	1.076291312	7.4080912026	0.3809852511	8.19E+030	1023750000000000000000	XRB	8
SS433	5.521342754	1.3680568936	18.2685849832	2.4031850665	2.39E+032	29875000000000000000000	BHXRB	8
1915+105	0.4768958655	0.0404577516	0.8701070321	0.0352631848	4.34E+032	54250000000000000000000	BHXRB	8
aqlX1	5.4496803762	1.1698442482	4.8213683043	2.3650065632	9.152410e+30	1144051250000000000000	NSXRB	8
