source	rise_time[day]	rise_time_error[day]	decline_time[day]	decline_time_error[day]	luminosity[erg/s]	luminosity[erg/Hz/s]	TYPE	freq[GHz]
2223052	1124.2758820113	85.6234825609	2208.0748413719	150.4099060886	3.56E+045	712000000000000000000000000000000000	BLAZAR	5
AO0235+164	193.8767254617	10.8531297493	239.7884701215	8.6590916715	6.17E+044	123400000000000000000000000000000000	BLAZAR	5
AO0235+164	237.3482297513	18.2210377178	198.4621249324	19.9349960024	8.33E+044	166600000000000000000000000000000000	BLAZAR	5
BL_Lacertae	642.9900167441	72.7740254174	1835.6562645533	298.0980345077	2.55E+042	510000000000000000000000000000000	BLAZAR	5
3C279	2324.1463700901	142.9968763485	2538.0233975301	92.226947374	1.19E+045	238000000000000000000000000000000000	BLAZAR	5
NGC7213	90.4213123178	22.480412489	278.9503766806	87.6831454455	8.11E+038	162200000000000000000000000000	AGN	5
CTA102	2292.8659310847	222.9531167276	4875.8582119935	575.8910019515	1.42E+045	284000000000000000000000000000000000	BLAZAR	5
3C273	1373.2134664453	130.1635774889	5098.7968369104	435.5158702104	161567712000513000000000000000000000000000000	32313542400102600000000000000000000	BLAZAR	5
CTA102	3343.6607869506	530.5612812959	3489.0605739295	889.0023236292	1.22E+045	244000000000000000000000000000000000	BLAZAR	5
AO0235+164	127.2731606957	10.1811759545	476.1100816024	57.380121411	8.23E+044	164600000000000000000000000000000000	BLAZAR	5
S40954+65	372.9036985521	64.8162426858	249.8207598503	27.2401102814	2.70E+043	5400000000000000000000000000000000	BLAZAR	5
1730130	1423.8156807953	140.8256827282	977.0007191702	58.716311276	1670572653231970000000000000000000000000000000	334114530646394000000000000000000000	BLAZAR	5
3C454.3	1310.3022382452	77.7929166674	3993.0568727097	774.148007375	2.82E+045	564000000000000000000000000000000000	BLAZAR	5
458020	1011.3507945071	130.397480689	976.8260713316	170.9720932262	6.79E+045	1358000000000000000000000000000000000	BLAZAR	5
1803+784	2465.6224426872	162.1491846187	1184.7938346172	133.0078838803	3.17E+044	63400000000000000000000000000000000	BLAZAR	5
CTA102	4153.934856332	642.0203498846	6604.8191402375	759.4070730183	1.17E+045	234000000000000000000000000000000000	BLAZAR	5
PKS2004447	40.6707934833	8.1024100402	13.6553590539	4.6658015681	6.40E+042	969696969696970000000000000000000	AGN	6.6
NRAO150	5260.214942903	355.5830832564	3045.2097936383	50.4467666188	1.46E+046	2920000000000000000000000000000000000	BLAZAR	5
Swift1644	110.751631006	22.8046828149	598.5778747421	8.8254730876	1.17271e+41	23454200000000000000000000000000	TDE	5
B0605085	3954.1305044957	213.5135817241	4604.3356265994	189.1031665364	534122962582199000000000000000000000000000000	106824592516440000000000000000000000	QSO	5
3C120	4110.7383584917	363.2955450079	4278.2816880559	368.8948651433	652088226542353000000000000000000000000000	130417645308471000000000000000000	BLAZAR	5
3C273	5268.3930136894	944.2960314352	3785.4497909296	556.0396520841	137631754667104000000000000000000000000000000	27526350933420800000000000000000000	BLAZAR	5
3C454.3	2248.9204057592	144.6917646192	2377.8102745182	240.6447691837	2.50E+045	500000000000000000000000000000000000	BLAZAR	5
AO0235+164	187.1406280039	11.3788272877	174.550520192	5.8496600801	8.33E+044	166600000000000000000000000000000000	BLAZAR	5
AO0235+164	643.057537959	61.5727472261	565.3676045606	49.1868278816	5.97E+044	119400000000000000000000000000000000	BLAZAR	5
BL_Lacertae	248.8176310581	39.9016155168	968.0965711181	80.492062674	2.17E+042	434000000000000000000000000000000	BLAZAR	5
AO0235+164	580.0414242384	26.8548493108	449.2240485626	35.9303651801	5.56E+044	111200000000000000000000000000000000	BLAZAR	5
2223052	2496.671312972	117.5285439911	5887.6240963969	922.5424186726	3.94E+045	788000000000000000000000000000000000	BLAZAR	5
NGC7213	176.5488502636	20.0437130585	221.6540490099	14.7757869466	9.76E+038	195200000000000000000000000000	AGN	5
3C120	777.693389404	124.1379084708	2786.200617032	347.9354219546	516194257091847000000000000000000000000000	103238851418369000000000000000000	BLAZAR	5
2223052	3709.805646992	213.1730262754	4735.0412942951	212.9958525575	3.61E+045	722000000000000000000000000000000000	BLAZAR	5
AO0235+164	184.7151603564	27.6246900723	476.1100816024	57.380121411	8.23E+044	164600000000000000000000000000000000	BLAZAR	5
B0605085	2107.5992652909	133.8818881315	1935.192718102	104.7047554297	512240830036932000000000000000000000000000000	102448166007386000000000000000000000	QSO	5
NGC4278	4070.6452339054	398.3055536759	1709.2115048394	168.0084281418	7.2921110e+38	145842220000000000000000000000	AGN	5
3C273	1148.200012768	122.3577550322	1361.6116471171	100.3019427716	145610407111574000000000000000000000000000000	29122081422314800000000000000000000	BLAZAR	5
S40954+65	474.1041695044	38.3587799298	345.2461912613	19.6173523134	2.33E+043	4660000000000000000000000000000000	BLAZAR	5
3C454.3	1093.392324036	83.0083363089	1421.5792892957	170.7230651689	2.90E+045	580000000000000000000000000000000000	BLAZAR	5
NRAO530	1218.7265623648	134.3087748778	1056.2066717618	76.9948018074	1310449207026280000000000000000000000000000000	262089841405256000000000000000000000	BLAZAR	5
3C279	3771.6506893257	364.2459317158	4122.3428923595	392.3533651979	7.10E+044	142000000000000000000000000000000000	BLAZAR	5
458020	1086.6524952693	82.0491244361	1418.6147794125	76.3208323501	7.94E+045	1588000000000000000000000000000000000	BLAZAR	5
S40954+65	407.3360074399	53.7757046153	291.1196286245	38.1591358625	3.24E+043	6480000000000000000000000000000000	BLAZAR	5
BL_Lacertae	575.4774995779	270.6463446938	693.5999383528	84.1635114239	1.76E+042	352000000000000000000000000000000	BLAZAR	5
IIIzw2	566.1812681419	43.0860897544	495.9742513975	29.8479901988	3.00E+042	375000000000000000000000000000000	AGN	8
3C345	3315.9885028047	140.4060630827	2800.9415645163	74.9223633368	8.61E+044	172200000000000000000000000000000000	BLAZAR	5
3C120	1478.6604164677	785.7338273482	1573.5153450003	120.6421279492	663243701646499000000000000000000000000000	132648740329300000000000000000000	BLAZAR	5
1237+049	313.3712590085	21.073248894	742.3356476995	30.7449292914	734313519953835000000000000000000000000000000	91789189994229400000000000000000000	BLAZAR	8
850121	180.723186218	13.996828057	145.9167450288	5.9755776922	1.25E+044	15625000000000000000000000000000000	QSO	8
0851+202	155.7150237869	15.658559674	112.8995681042	23.7252678486	4.54E+043	5675000000000000000000000000000000	BLAZAR	8
1237+049	159.3572780223	63.7582655854	302.1746741981	112.0988787197	803844361335145000000000000000000000000000000	100480545166893000000000000000000000	BLAZAR	8
1622297	39.7890574112	1.9936215207	120.6098638752	34.033085305	5.92E+044	74000000000000000000000000000000000	QSO	8
2200+420	322.0994112215	39.2022916842	380.0596122433	26.9746012336	4.74E+042	592500000000000000000000000000000	BLAZAR	8
2200+420	224.9482952872	19.2030547524	157.1299083266	7.5559662667	5.00E+042	625000000000000000000000000000000	BLAZAR	8
1622297	24.7727415176	1.4162311462	42.3167173143	4.4058971597	8.27E+044	103375000000000000000000000000000000	QSO	8
336019	1606.35786166	157.7934988593	867.5748768171	44.3597764734	7.31E+044	91375000000000000000000000000000000	BLAZAR	8
0954+658	211.0431183608	29.3278024495	314.3095348322	74.4407966654	1.41E+043	1762500000000000000000000000000000	BLAZAR	8
2200+420	206.4191272184	21.2715422128	283.1856624307	32.7506769277	3.72E+042	465000000000000000000000000000000	BLAZAR	8
0851+202	126.5671737682	85.7468826296	127.0988149578	27.7194403409	5.31E+043	6637500000000000000000000000000000	BLAZAR	8
0851+202	134.8615591994	18.402596288	183.7682031621	8.8977969745	8.46E+043	10575000000000000000000000000000000	BLAZAR	8
1749+096	123.9527815879	11.4634803705	597.5189279991	77.3684701946	8.73E+043	10912500000000000000000000000000000	BLAZAR	8
1413+135	560.975489919	46.5979624466	713.833084083	18.3117378627	2.37E+043	2962500000000000000000000000000000	BLAZAR	8
336019	523.0550524891	19.3993590858	938.9504616873	35.8140697514	7.25E+044	90625000000000000000000000000000000	BLAZAR	8
2005+403	320.8556968325	32.6907447239	840.0696696741	163.9606368645	4.89E+045	611250000000000000000000000000000000	QSO	8
1237+049	262.7584655351	22.3785377763	170.7948880982	17.0556667151	819107228955433000000000000000000000000000000	102388403619429000000000000000000000	BLAZAR	8
0954+658	138.0907113291	6.6870333891	227.9924123265	95.6863753494	3.11E+043	3887500000000000000000000000000000	BLAZAR	8
1328+254	1151.7603744787	170.4495348731	1852.2600869786	257.7538921061	1.16E+045	145000000000000000000000000000000000	QSO	8
1237+049	89.6577534715	23.0555587057	91.4584185262	15.3090945958	781797996994730000000000000000000000000000000	97724749624341300000000000000000000	BLAZAR	8
0528+134_1	961.4241834872	50.3574526752	945.2379374317	39.8287051741	9.99E+045	1248750000000000000000000000000000000	BLAZAR	8
2200+420	237.9334990493	17.8827076803	397.7031225201	41.3425681461	4.54E+042	567500000000000000000000000000000	BLAZAR	8
1413+135	1385.5958744306	106.4173229416	2211.0108241393	1559.403051466	1.99E+043	2487500000000000000000000000000000	BLAZAR	8
1237+049	279.7163204725	14.8731347459	608.2313400831	50.2007386898	881854573616615000000000000000000000000000000	110231821702077000000000000000000000	BLAZAR	8
3C279	740.363036678	11.9282054891	0	0	1.98E+045	247500000000000000000000000000000000	BLAZAR	8
1237+049	243.4268343426	50.2044455297	299.6153032186	82.664721643	686829042912941000000000000000000000000000000	85853630364117700000000000000000000	BLAZAR	8
2005+403	801.5133326989	73.2366961208	1324.7963618059	229.7166280669	4.21E+045	526250000000000000000000000000000000	QSO	8
0851+202	337.0226797991	20.3820029214	790.2824842602	53.8899537479	6.26E+043	7825000000000000000000000000000000	BLAZAR	8
1622297	195.2450639875	64.6516658817	131.0089639753	9.3159601079	6.35E+044	79375000000000000000000000000000000	QSO	8
2005+403	459.2173285811	60.9712995244	960.104637364	182.2982037792	4.64E+045	580000000000000000000000000000000000	QSO	8
