B0011+47          3.00      1.82    88.700   0.012418 0.0099372
B0021-72C         0.60      4.90     0.800   0.000112 0.014406
J0026+6320        1.00     13.60     8.100   0.001134 0.18496
B0031-07         11.00      0.72    56.700   0.007938 0.0057024
J0034-0534        0.61      0.98     0.800   0.000112 0.000585844
B0037+56          0.60      4.48    12.200   0.001708 0.0120422
J0045-7042        0.11     60.60    19.000   0.00266 0.40396
J0045-7319        0.30     60.60    20.000   0.0028 1.10171
B0052+51          1.50      2.40    73.000   0.01022 0.00864
B0059+65          1.20      2.45    89.700   0.012558 0.007203
B0105+65          0.90      1.65    22.500   0.00315 0.00245025
J0111-7131        0.06     60.60    13.000   0.00182 0.220342
B0114+58          0.30      2.14     4.100   0.000574 0.00137388
J0131-7310        0.15     60.60     4.800   0.000672 0.550854
J0134-2937        2.40      1.78     6.500   0.00091 0.00760416
B0136+57          4.60      2.89     5.200   0.000728 0.0384197
B0138+59          4.50      2.60    34.900   0.004886 0.03042
B0144+59          2.10      1.91     7.000   0.00098 0.00766101
B0148-06          1.30      1.93    56.900   0.007966 0.00484237
B0149-16          1.50      0.79    17.800   0.002492 0.00093615
B0154+61          1.90      1.61    33.400   0.004676 0.00492499
J0205+6449        0.04      3.20     2.300   0.000322 0.0004096
B0203-40          1.00      0.88     8.000   0.00112 0.0007744
B0226+70          0.30      2.25    34.000   0.00476 0.00151875
B0254-53          3.00      1.15     9.000   0.00126 0.0039675
B0301+19          3.00      0.95    58.400   0.008176 0.0027075
B0320+39          0.90      1.49    42.700   0.005978 0.00199809
B0329+54        203.00      1.06     6.600   0.000924 0.228091
B0331+45          0.80      2.08     6.100   0.000854 0.00346112
B0339+53          0.30      2.48    44.900   0.006286 0.00184512
J0343-3000        0.90      2.22    48.000   0.00672 0.00443556
B0353+52          1.90      4.73    12.500   0.00175 0.0425085
B0355+54         23.00      1.10     3.900   0.000546 0.02783
B0403-76         14.00      1.50    18.000   0.00252 0.0315
B0402+61          2.80      3.05    18.400   0.002576 0.026047
B0410+69          0.50      1.57     4.400   0.000616 0.00123245
J0421-0345        0.50      3.09    25.000   0.0035 0.00477405
J0437-4715      142.00      0.16     0.969   0.00013566 0.0036352
J0448-2749        0.70      2.87    10.000   0.0014 0.00576583
J0449-7031        0.14     48.10     7.900   0.001106 0.323905
B0447-12          0.90      3.27    19.000   0.00266 0.00962361
J0451-67          0.05     48.10     5.500   0.00077 0.115681
B0450-18          5.30      3.14    28.700   0.004018 0.0522559
B0450+55         13.00      0.79     8.100   0.001134 0.0081133
J0456-7031        0.05     48.10     8.000   0.00112 0.115681
J0457-6337        0.18      2.94    36.000   0.00504 0.00155585
J0459-0210        0.50      1.30    16.000   0.00224 0.000845
B0458+46          2.50      1.78    22.700   0.003178 0.007921
J0511-6508        0.70      2.17    12.000   0.00168 0.00329623
J0519-6932        0.32     48.10     4.100   0.000574 0.740355
J0520-2553        0.20      3.47     6.000   0.00084 0.00240818
J0522-6847        0.19     48.10    12.000   0.00168 0.439586
B0523+11          1.60      7.68    15.900   0.002226 0.0943718
B0525+21          9.00      2.28   185.500   0.02597 0.0467856
B0529-66          0.30     48.10    24.000   0.00336 0.694083
J0532-6639        0.08     48.10     9.000   0.00126 0.185089
B0531+21         14.00      2.00     3.000   0.00042 0.056
J0534-6703        0.08     48.10    25.000   0.0035 0.185089
B0538-75         13.00      1.04    75.000   0.0105 0.0140608
J0538+2817        1.90      1.47     2.700   0.000378 0.00410571
B0540-69          0.02     48.10    18.000   0.00252 0.0462722
B0540+23          9.00      3.54     6.200   0.000868 0.112784
J0543-6851        0.22     48.10    58.000   0.00812 0.508994
J0555-7056        0.21     48.10    27.000   0.00378 0.485858
B0559-05          2.50      7.54    11.600   0.001624 0.142129
J0610-2100        0.40      5.64     0.200   2.8e-05 0.0127238
B0609+37          4.00      1.49     5.300   0.000742 0.0088804
J0613-0200        1.40      0.48     0.570   7.98e-05 0.00032256
B0611+22          2.20      4.74     6.900   0.000966 0.0494287
J0621+1002        1.90      1.88     9.150   0.001281 0.00671536
B0621-04          2.00      4.28    52.000   0.00728 0.0366368
B0626+24          3.20      4.67     8.800   0.001232 0.0697885
B0628-28         23.00      0.33    58.200   0.008148 0.0025047
J0633-2015        0.20      7.84    60.000   0.0084 0.0122931
J0636-4549        0.10      0.98    18.000   0.00252 9.604e-05
B0643+80          0.40      3.37    13.900   0.001946 0.00454276
J0656-2228        0.60      1.79    16.000   0.00224 0.00192246
B0656+14          3.70      0.29    18.400   0.002576 0.00031117
B0655+64          0.30      0.48     6.000   0.00084 6.912e-05
J0711-6830        1.60      1.04     1.900   0.000266 0.00173056
J0719-2545        0.30     17.33    17.000   0.00238 0.0900987
J0725-1635        0.33      4.68     4.100   0.000574 0.00722779
J0726-2612        0.20      3.01    31.000   0.00434 0.00181202
B0727-18          1.40      3.25     5.900   0.000826 0.0147875
J0729-1448        0.70      4.37    12.500   0.00175 0.0133678
J0733-2345        0.07     12.15    20.000   0.0028 0.0103336
J0737-2202        0.47      4.30     6.300   0.000882 0.0086903
J0737-3039A       1.60      1.15    14.300   0.002002 0.002116
J0737-3039B       1.30      1.15    58.000   0.00812 0.00171925
B0736-40         80.00     11.03    29.000   0.00406 9.73287
B0740-28         15.00      1.89     5.400   0.000756 0.0535815
J0746-4529        0.20      5.71    39.000   0.00546 0.00652082
J0749-4247        0.60      2.36    20.000   0.0028 0.00334176
J0751+1807        3.20      0.62     0.700   9.8e-05 0.00123008
B0751+32          0.60      3.92    12.200   0.001708 0.00921984
B0756-15          2.00      3.72     7.600   0.001064 0.0276768
B0808-47          3.00     12.71    15.000   0.0021 0.484632
B0809+74         10.00      0.43    41.400   0.005796 0.001849
J0818-3232        0.50      3.82    21.000   0.00294 0.0072962
B0818-13          7.00      2.45    22.100   0.003094 0.0420175
B0818-41          5.20      2.38   135.000   0.0189 0.0294549
J0820-3921        0.20      6.19    44.000   0.00616 0.00766322
J0821-4221        0.20     18.16    17.000   0.00238 0.0659571
B0820+02          1.50      1.44    21.200   0.002968 0.0031104
B0823+26         10.00      0.36     5.800   0.000812 0.001296
B0826-34          0.25      0.54   740.000   0.1036 7.29e-05
J0831-4406        0.43     12.73     6.100   0.000854 0.0696827
J0834-4159        0.19      9.74     5.800   0.000812 0.0180248
B0833-45       1100.00      0.29     2.100   0.000294 0.09251
J0835-3707        0.28      2.34     4.900   0.000686 0.00153317
B0834+06          4.00      0.72    23.900   0.003346 0.0020736
B0835-41         16.00      4.24     8.900   0.001246 0.287642
J0838-2621        0.20      4.56     7.000   0.00098 0.00415872
J0838-3947        0.11      8.21    57.000   0.00798 0.00741445
B0839-53          2.00      7.77    23.000   0.00322 0.120746
B0840-48          0.62      8.70     8.300   0.001162 0.0469278
J0843-5022        0.31      7.69     6.100   0.000854 0.0183322
B0844-35          2.70      1.43    22.000   0.00308 0.00552123
B0853-33          0.60      1.21    22.800   0.003192 0.00087846
J0855-4644        0.20      9.90     7.500   0.00105 0.019602
J0855-4658        0.23     28.35    11.000   0.00154 0.184856
J0857-4424        0.88      6.53     9.900   0.001386 0.037524
J0900-3144        3.80      0.82     0.800   0.000112 0.00255512
J0901-4624        0.46      7.46     5.100   0.000714 0.0255997
B0903-42          0.60      4.40    21.000   0.00294 0.011616
B0904-74         14.00      4.41    20.000   0.0028 0.272273
J0905-4536        0.83      2.76    35.000   0.0049 0.00632261
J0905-5127        1.10      8.38     9.000   0.00126 0.0772468
B0905-51          9.30      2.65    13.000   0.00182 0.0653092
B0906-17          3.20      0.63     9.500   0.00133 0.00127008
B0906-49         10.00      6.57     2.800   0.000392 0.431649
B0917+63          0.50      0.79    38.000   0.00532 0.00031205
B0919+06          4.20      1.20    10.500   0.00147 0.006048
J0922-4949        0.52     10.37     6.900   0.000966 0.0559192
B0922-52          1.10      5.61    15.000   0.0021 0.0346193
B0923-58          4.30      1.91    41.000   0.00574 0.0156868
J0932-5327        0.15      4.05    62.000   0.00868 0.00246037
B0932-52          1.20      2.90    25.000   0.0035 0.010092
J0940-5428        0.66      4.27     4.900   0.000686 0.0120337
J0941-5244        0.28      5.64    18.000   0.00252 0.00890669
B0940-55         10.00      6.35    11.000   0.00154 0.403225
B0941-56          0.72      5.07     7.000   0.00098 0.0185075
B0940+16          1.40      1.76    70.100   0.009814 0.00433664
B0942-13          0.60      0.69     6.900   0.000966 0.00028566
J0945-4833        0.39      2.71     4.600   0.000644 0.0028642
B0950+08         84.00      0.26     9.500   0.00133 0.0056784
J0954-5430        0.36      6.20     7.500   0.00105 0.0138384
B0953-52          0.94      4.87     7.800   0.001092 0.0222939
J0957-5432        0.18      7.00     3.600   0.000504 0.00882
J1000-5149        0.26      2.33     4.500   0.00063 0.00141151
B0959-54          6.30      3.58    15.000   0.0021 0.0807433
J1001-5559        0.64      3.94    17.000   0.00238 0.0099351
J1001-5939        0.15      3.61    39.000   0.00546 0.00195481
J1002-5559        0.12     17.42    25.000   0.0035 0.0364148
B1011-58          1.70     10.14    10.000   0.0014 0.174793
J1012+5307        3.00      0.52     0.690   9.66e-05 0.0008112
J1012-5830        0.08      5.34    31.000   0.00434 0.00228125
J1013-5934        1.90     11.32     7.400   0.001036 0.243471
J1015-5719        0.90      4.87    46.000   0.00644 0.0213452
B1014-53          0.82      2.50     8.700   0.001218 0.005125
J1016-5819        0.31      4.62     4.200   0.000588 0.00661676
J1016-5857        0.46      9.31     7.800   0.001092 0.039871
B1015-56          2.90     11.78     7.300   0.001022 0.402428
B1016-16          0.60      3.27    30.600   0.004284 0.00641574
J1019-5749        0.80     30.00    44.000   0.00616 0.72
J1020-5921        0.45      2.62    19.000   0.00266 0.00308898
J1020-6026        0.14     30.00    14.000   0.00196 0.126
J1021-5601        0.37      4.48    52.000   0.00728 0.00742605
J1022+1001        3.00      0.40     1.070   0.0001498 0.00048
J1022-5813        0.20     30.00    36.000   0.00504 0.18
J1024-0719        0.66      0.53     0.590   8.26e-05 0.000185394
J1028-5819        0.36      2.76     0.160   2.24e-05 0.00274234
J1031-6117        0.12     30.00    10.000   0.0014 0.108
B1030-58          0.93      7.30     7.700   0.001078 0.0495597
J1032-5206        0.19      4.22    21.000   0.00294 0.0033836
J1034-3224        4.70      4.68    23.000   0.00322 0.102941
J1035-6345        0.24      6.54     8.200   0.001148 0.0102652
B1036-58          0.79      2.43    16.000   0.00224 0.00466487
J1038+0032        0.20      2.36     2.100   0.000294 0.00111392
B1039-19          4.00      3.18    61.800   0.008652 0.0404496
B1039-55          0.62      6.95    25.000   0.0035 0.0299476
J1043-6116        0.91     18.20     7.000   0.00098 0.301428
J1045-4509        3.00      3.24     0.820   0.0001148 0.0314928
B1044-57          1.10      4.80     9.100   0.001274 0.025344
J1046+0304        0.30      2.25    23.000   0.00322 0.00151875
J1047-3032        0.18      4.14    16.000   0.00224 0.00308513
J1047-6709        4.00      4.67     9.000   0.00126 0.0872356
B1046-58          6.50      2.98     5.600   0.000784 0.0577226
J1049-5833        0.72      9.73    33.000   0.00462 0.0681645
J1052-5954        0.15     13.55    11.000   0.00154 0.0275404
J1052-6348        0.11      4.93    10.000   0.0014 0.00267354
J1054-5943        0.31      6.81     4.800   0.000672 0.0143766
J1054-6452        0.25     16.31    22.000   0.00308 0.066504
J1055-6022        0.16     25.93    23.000   0.00322 0.107578
J1055-6028        0.78     30.00     6.000   0.00084 0.702
J1055-6236        0.12      3.64     7.300   0.001022 0.00158995
B1054-62         21.00     13.65    20.000   0.0028 3.91277
J1056-5709        0.11     17.61    16.000   0.00224 0.0341123
J1058-5957        0.51      7.11    16.000   0.00224 0.0257816
B1056-57          1.20      2.74    18.000   0.00252 0.00900912
J1103-6025        0.17      6.83     5.500   0.00077 0.00793031
J1104-6103        0.24      2.31     4.900   0.000686 0.00128066
J1105-6107        0.75      7.07     4.800   0.000672 0.0374887
J1106-6438        0.19      7.58    27.000   0.00378 0.0109167
B1105-59          0.43      3.54    45.000   0.0063 0.00538859
J1107-5907        0.18      1.82     9.300   0.001302 0.000596232
J1107-6143        0.38     13.72    26.000   0.00364 0.0715306
B1107-56          1.80      9.18    22.000   0.00308 0.15169
B1110-65          2.60     19.31    15.000   0.0021 0.969478
J1112-6103        1.40     30.00    11.000   0.00154 1.26
B1112-60          2.00     30.00    29.000   0.00406 1.8
B1112+50          3.00      0.54    16.600   0.002324 0.0008748
J1115-6052        0.38      6.76     5.400   0.000756 0.0173651
B1114-41          3.00      2.68    14.000   0.00196 0.0215472
J1117-6154        0.68     22.38     8.900   0.001246 0.340588
J1117-6447        0.14     27.12    61.000   0.00854 0.102969
J1119-6127        0.80      8.40    24.000   0.00336 0.056448
B1119-54          1.30     15.43    21.000   0.00294 0.30951
J1123-6102        0.53     14.75    10.000   0.0014 0.115308
J1123-6259        0.56      7.54     6.600   0.000924 0.0318369
J1123-6651        0.36      3.48    16.000   0.00224 0.00435974
J1124-5638        0.31     23.74    15.000   0.0021 0.174712
J1124-6421        0.19     14.90    13.000   0.00182 0.0421819
J1125-6014        0.05      1.94     0.210   2.94e-05 0.00018818
B1124-60          1.00      8.05     5.100   0.000714 0.0648025
J1128-6219        0.27     30.00    93.000   0.01302 0.243
J1130-5826        0.18      9.45     4.000   0.00056 0.0160744
J1130-5925        0.12      8.28    16.000   0.00224 0.00822701
J1132-5627        0.09     21.30     4.900   0.000686 0.0408321
B1131-62          2.90     30.00   255.000   0.0357 2.61
B1133+16         32.00      0.36    31.700   0.004438 0.0041472
B1133-55          4.00      2.60    15.000   0.0021 0.02704
J1137-6700        1.20     19.53    89.000   0.01246 0.457705
J1138-6207        0.49     24.50    12.000   0.00168 0.294123
J1141-3322        1.00      3.84     4.800   0.000672 0.0147456
J1141-6545        3.30      3.20     4.400   0.000616 0.033792
J1142-6230        0.26     10.81    30.000   0.0042 0.0303826
J1143-5158        0.30     10.68     8.000   0.00112 0.0342187
J1144-6146        0.45      2.14    33.000   0.00462 0.00206082
J1144-6217        0.20      8.88    10.000   0.0014 0.0157709
B1143-60          3.60      2.62    11.000   0.00154 0.0247118
J1148-5725        0.12      5.11    53.000   0.00742 0.00313345
J1148-6415        0.06      9.07    37.000   0.00518 0.00493589
J1152-5800        0.12      7.03    16.000   0.00224 0.00593051
J1152-6012        0.17      2.09     9.600   0.001344 0.000742577
J1154-6250        0.07      2.06     5.900   0.000826 0.000297052
J1156-5707        0.19     20.40     4.800   0.000672 0.0790704
B1154-62          5.90      8.90    13.000   0.00182 0.467339
J1159-6409        0.47      6.03   210.000   0.0294 0.0170896
J1201-6306        0.13     30.00    13.000   0.00182 0.117
B1159-58          2.00      4.96    10.000   0.0014 0.0492032
J1210-5559        2.10     11.65     8.000   0.00112 0.285017
J1210-6550        0.17      0.88    39.000   0.00546 0.000131648
J1211-6324        0.45     12.30    15.000   0.0021 0.0680805
J1214-5830        0.14      4.83     9.400   0.001316 0.00326605
J1216-6223        0.15     30.00    15.000   0.0021 0.135
J1220-6318        0.68     13.96    58.000   0.00812 0.132519
J1222-5738        0.11      2.12    28.000   0.00392 0.000494384
B1221-63          3.90      2.29     6.100   0.000854 0.020452
J1224-6208        0.23     23.64    10.000   0.0014 0.128535
B1222-63          0.38     24.77     8.100   0.001134 0.23315
J1225-5556        0.40      5.39    20.000   0.0028 0.0116208
J1225-6035        0.26      6.19     3.900   0.000546 0.00996219
J1231-6303        1.50     12.12   185.000   0.0259 0.220342
J1232-6501        0.34     10.00    11.000   0.00154 0.034
J1233-6312        0.25     20.49    57.000   0.00798 0.10496
J1233-6344        0.07     30.00    12.000   0.00168 0.063
B1232-55          1.00      3.89    44.000   0.00616 0.0151321
J1235-6354        0.16     27.05    10.000   0.0014 0.117072
J1237-6725        0.36      8.01    32.000   0.00448 0.0230976
B1236-68          0.96      2.98    20.000   0.0028 0.00852518
B1237+25         10.00      0.86    51.100   0.007154 0.007396
B1240-64         13.00     11.50     6.600   0.000924 1.71925
J1243-5735        0.14     19.20    12.000   0.00168 0.0516096
J1244-6531        0.17     30.00    21.000   0.00294 0.153
J1245-6238        0.14     14.63    62.000   0.00868 0.0299652
J1248-6344        0.12     23.99    12.000   0.00168 0.0690624
J1249-6507        0.10      8.51    11.000   0.00154 0.00724201
J1252-6314        0.66     11.00    20.000   0.0028 0.07986
J1253-5820        3.50      2.94     4.400   0.000616 0.0302526
J1254-6150        0.15      2.24     3.500   0.00049 0.00075264
J1255-6131        0.13      7.36     8.600   0.001204 0.00704205
B1254-10          1.20      2.22     6.000   0.00084 0.00591408
B1256-67          1.30      2.73    14.000   0.00196 0.00968877
B1257+12          2.00      0.77     0.660   9.24e-05 0.0011858
J1301-6305        0.46     15.84    28.000   0.00392 0.115417
J1301-6310        0.11      2.06    11.000   0.00154 0.000466796
B1259-63          1.70      4.60    23.000   0.00322 0.035972
J1302-63          0.10     30.00     7.000   0.00098 0.09
J1302-6313        0.18     28.06    93.000   0.01302 0.141725
J1303-6305        0.36     13.62    38.000   0.00532 0.0667816
B1302-64          1.60     30.00    19.000   0.00266 1.44
J1305-6203        0.62     24.07    16.000   0.00224 0.359206
J1305-6256        0.32     30.00    19.000   0.00266 0.288
B1303-66          2.50     29.16    23.000   0.00322 2.12576
J1306-6242        0.14     22.63    33.000   0.00462 0.0716964
J1307-6318        1.40     14.45   505.000   0.0707 0.292323
J1308-5844        0.21      8.97     5.900   0.000826 0.0168968
J1309-6415        0.21     30.00    26.000   0.00364 0.189
J1309-6526        0.15     19.94    10.000   0.0014 0.0596405
B1309-12          0.50      2.30     6.700   0.000938 0.002645
J1312-6400        0.75      2.21    34.000   0.00476 0.00366307
J1314-6101        0.41      9.60    59.000   0.00826 0.0377856
J1316-6232        0.74     30.00   119.000   0.01666 0.666
J1317-6302        0.99     30.00    12.000   0.00168 0.891
B1316-60          1.20     12.64     6.900   0.000966 0.191724
J1319-6105        0.84     14.88    13.000   0.00182 0.185988
B1322+83          0.90      0.77    19.600   0.002744 0.00053361
J1321-5922        0.19     30.00    26.000   0.00364 0.171
J1322-6241        0.37     19.91     8.700   0.001218 0.146671
J1322-6329        0.17     30.00    34.000   0.00476 0.153
J1324-6146        0.73     30.00    72.000   0.01008 0.657
J1324-6302        0.23     11.03    18.000   0.00252 0.027982
B1322-66         11.00      8.62    42.000   0.00588 0.817348
B1323-58          9.90      9.37     7.600   0.001064 0.869189
B1323-63          1.40     15.89    11.000   0.00154 0.353489
B1323-62         16.00      6.61    11.000   0.00154 0.699074
B1323-627         3.20      6.50     6.700   0.000938 0.1352
J1327-6400        0.36     30.00    13.000   0.00182 0.324
B1325-43          2.00      2.29    11.000   0.00154 0.0104882
J1329-6158        0.22      8.11    31.000   0.00434 0.0144699
J1332-3032        0.30      0.87    34.000   0.00476 0.00022707
J1334-5839        0.62      3.89     4.100   0.000574 0.0093819
J1337-6306        0.11     16.27    12.000   0.00168 0.0291184
B1334-61          3.80      8.15    93.000   0.01302 0.252406
J1339-6618        0.23      7.62    26.000   0.00364 0.0133548
B1336-64          1.10      1.93    14.000   0.00196 0.00409739
B1338-62          1.90      8.55    12.000   0.00168 0.138895
J1341-6023        0.63      7.03     9.200   0.001288 0.0311352
J1342+2822A       0.01     10.40     0.240   3.36e-05 0.0010816
J1342+2822B       0.01     10.40     0.200   2.8e-05 0.0010816
J1342+2822C       0.01     10.40     0.240   3.36e-05 0.0010816
J1342+2822D       0.01     10.40     0.500   7e-05 0.0010816
J1344-6059        0.19      7.17    29.000   0.00406 0.00976769
J1345-6115        0.59      5.87    27.000   0.00378 0.0203296
J1347-5947        0.67      6.54    11.000   0.00154 0.028657
J1348-6307        0.51      8.18    79.000   0.01106 0.0341253
J1349-6130        0.58      5.82     6.200   0.000868 0.019646
J1352-6803        1.10     14.24    28.000   0.00392 0.223055
J1354-6249        0.24      5.62    57.000   0.00798 0.00758026
J1355-5747        0.36      6.85    29.000   0.00406 0.0168921
J1355-5925        0.55      8.43    21.000   0.00294 0.0390857
J1355-6206        0.54      7.95    19.000   0.00266 0.0341294
J1356-5521        1.50      8.75    17.000   0.00238 0.114844
B1353-62          8.70      6.88    20.000   0.0028 0.411809
J1357-6429        0.44      4.09    15.000   0.0021 0.00736036
B1356-60          7.60      5.91     3.900   0.000546 0.265454
B1358-63          6.20      2.60    10.000   0.0014 0.041912
J1403-6310        0.65      6.14    18.000   0.00252 0.0245047
J1405-5641        0.10     21.30    13.000   0.00182 0.045369
J1406-5806        0.84      6.73    49.000   0.00686 0.038046
J1406-6121        0.36      9.11    16.000   0.00224 0.0298772
J1407-6048        0.20      9.70    21.000   0.00294 0.018818
J1407-6153        0.36      9.75    57.000   0.00798 0.0342225
J1412-6111        0.44      5.95    12.000   0.00168 0.0155771
J1412-6145        0.47      9.32    12.000   0.00168 0.0408253
B1409-62          0.90      3.68     4.100   0.000574 0.0121882
J1413-6141        0.61     11.00    37.000   0.00518 0.07381
J1413-6222        0.96     27.74    23.000   0.00322 0.738727
J1415-6621        0.71     14.40     8.900   0.001246 0.147226
J1416-6037        0.70      5.72    13.000   0.00182 0.0229029
J1418-3921        1.40      5.04    25.000   0.0035 0.0355622
J1418-5945        0.18      9.31    64.000   0.00896 0.0156017
J1420-5625        0.13      1.74     1.300   0.000182 0.000393588
J1420-6048        0.90      7.69     9.300   0.001302 0.0532225
J1424-5556        0.38      7.89    22.000   0.00308 0.0236558
J1424-5822        1.10     10.19    12.000   0.00168 0.11422
J1424-6438        0.24      8.31    68.000   0.00952 0.0165735
J1425-5723        0.24      1.46     7.100   0.000994 0.000511584
J1425-5759        0.09     10.81     9.600   0.001344 0.010517
J1425-6210        0.19      9.98    11.000   0.00154 0.0189241
B1424-55          3.90      2.29    14.000   0.00196 0.020452
J1429-5935        0.11     10.62    14.000   0.00196 0.0124063
B1426-66          8.00      1.80    18.000   0.00252 0.02592
J1433-6038        0.23      9.74    35.000   0.0049 0.0218195
J1434-6006        0.24      7.25     5.500   0.00077 0.012615
J1434-6029        0.14      5.78    19.000   0.00266 0.00467718
J1435-5954        3.60      1.46    19.000   0.00266 0.00767376
J1435-6100        0.25      3.25     1.100   0.000154 0.00264063
J1437-5959        0.07     11.12     7.000   0.00098 0.00865581
J1437-6146        0.24      4.69    17.000   0.00238 0.00527906
B1436-63          0.78      4.03     9.700   0.001358 0.0126679
J1441-6137        0.15      4.44    18.000   0.00252 0.00295704
J1444-5941        0.42      4.38    47.000   0.00658 0.00805745
J1449-5846        0.28      4.74    15.000   0.0021 0.00629093
J1452-5851        0.24      5.64    11.000   0.00154 0.0076343
J1452-6036        1.40      9.44     4.200   0.000588 0.124759
B1449-64         14.00      1.84     4.400   0.000616 0.0473984
J1454-5846        0.24      3.32     2.900   0.000406 0.00264538
J1455-3330        1.20      0.74     0.800   0.000112 0.00065712
B1451-68         80.00      0.45    12.500   0.00175 0.0162
J1457-5900        0.24      4.25    62.000   0.00868 0.004335
J1457-5902        0.26     11.33     8.400   0.001176 0.0333759
J1501-5637        0.21      6.75    25.000   0.0035 0.00956813
J1502-5653        0.39      4.51     7.200   0.001008 0.00793264
J1502-5828        0.50     12.21    22.000   0.00308 0.0745421
J1502-6128        0.56      7.88    29.000   0.00406 0.0347729
J1504-5621        0.24      3.93    11.000   0.00154 0.00370678
B1508+55          8.00      2.41    10.900   0.001526 0.0464648
J1509-5850        0.15      3.81     4.700   0.000658 0.00217741
J1509-6015        0.17     13.63    13.000   0.00182 0.0315821
J1511-5414        0.75      2.24     5.900   0.000826 0.0037632
J1511-5835        0.50      7.10    16.000   0.00224 0.025205
B1508-57          6.00     12.70     7.800   0.001092 0.96774
J1512-5431        0.38      6.61   110.000   0.0154 0.016603
B1509-58          0.94      5.81    16.000   0.00224 0.0317307
J1513-5739        0.77      9.84    21.000   0.00294 0.0745557
J1514-5925        0.27      4.50     4.800   0.000672 0.0054675
J1515-5720        0.20     10.32    31.000   0.00434 0.0213005
B1516+02A         0.12      8.00     0.370   5.18e-05 0.00768
B1516+02B         0.03      8.00     1.600   0.000224 0.00192
J1518+0204C       0.04      8.00     0.150   2.1e-05 0.00256
J1518+0204D       0.01      8.00     0.540   7.56e-05 0.00064
J1518+0204E       0.01      8.00     0.250   3.5e-05 0.00064
J1518+4904        4.00      0.70     1.420   0.0001988 0.00196
J1518-5415        0.08      4.26     4.000   0.00056 0.00145181
J1519-5734        0.45     13.11    42.000   0.00588 0.0773424
J1519-6106        0.19      8.31    25.000   0.0035 0.0131207
J1519-6308        0.32     20.61    22.000   0.00308 0.135927
B1518-58          4.30      4.47    14.000   0.00196 0.0859179
J1522-5525        0.25      1.89    10.000   0.0014 0.000893025
J1524-5625        0.83      3.84    12.000   0.00168 0.0122388
J1524-5706        0.41     21.59    22.000   0.00308 0.191113
J1524-5819        0.09     10.87    13.000   0.00182 0.0106341
J1525-5417        0.18      6.01    15.000   0.0021 0.00650162
J1525-5605        0.25      6.77    25.000   0.0035 0.0114582
J1526-5633        0.11      6.44    13.000   0.00182 0.0045621
B1523-55          0.84      7.07    17.000   0.00238 0.0419873
J1528-3146        1.10      0.99     0.590   8.26e-05 0.00107811
J1529-5355        0.37      7.75    56.000   0.00784 0.0222231
J1529-5611        0.14      3.77    42.000   0.00588 0.00198981
J1530-5327        0.59      1.46    14.000   0.00196 0.00125764
J1531-5610        0.60      3.10     5.800   0.000812 0.005766
B1530+27          0.80      0.98    25.700   0.003598 0.00076832
J1532-5308        0.25      4.45    26.000   0.00364 0.00495063
B1530-53          6.80      1.13    17.000   0.00238 0.00868292
B1530-539         1.20      4.26     6.100   0.000854 0.0217771
J1535-5450        0.17      4.63     9.400   0.001316 0.00364427
J1535-5848        0.35      3.13     5.800   0.000812 0.00342891
J1536-5433        1.30      3.72    36.000   0.00504 0.0179899
J1536-5907        0.22     12.09    13.000   0.00182 0.032157
B1534+12          0.60      1.10     0.310   4.34e-05 0.000726
J1537-4912        0.31      1.82    22.000   0.00308 0.00102684
J1537-5153        0.07      2.63    23.000   0.00322 0.000484183
J1537-5645        1.00     24.59    67.000   0.00938 0.604668
J1538-5438        0.24      3.60    11.000   0.00154 0.0031104
J1538-5519        0.42      9.70    86.000   0.01204 0.0395178
J1538-5551        0.25     10.27    11.000   0.00154 0.0263682
J1538-5638        0.28     12.94    46.000   0.00644 0.0468842
J1538-5750        0.06      2.41     4.700   0.000658 0.000348486
B1535-56          4.60      4.01     8.800   0.001232 0.0739685
J1539-5521        0.14      6.84    23.000   0.00322 0.00654998
J1540-5736        0.24      8.17    14.000   0.00196 0.0160197
J1541-5535        0.22      7.46    14.000   0.00196 0.0122434
J1542-5034        0.55      2.76     7.300   0.001022 0.00418968
J1542-5133        0.27      6.15    35.000   0.0049 0.0102121
J1542-5303        0.35      6.02    54.000   0.00756 0.0126841
B1540-06          2.00      1.15     8.100   0.001134 0.002645
B1541+09          5.90      2.46    46.200   0.006468 0.0357044
J1543-5013        0.17      6.76    15.000   0.0021 0.00776859
J1543-5459        0.62      6.32    15.000   0.0021 0.0247643
B1541-52          3.60      1.29     4.600   0.000644 0.00599076
J1546-5302        0.32      6.10     8.800   0.001232 0.0119072
J1547-5750        0.23      3.91    39.000   0.00546 0.00351626
J1547-5839        0.41      7.19    13.000   0.00182 0.0211954
J1548-4821        0.51      3.76    12.000   0.00168 0.00721018
J1548-4927        0.69      3.89    12.000   0.00168 0.0104411
J1548-5607        1.00      6.95     7.500   0.00105 0.0483025
J1549-4848        0.47      1.54     6.100   0.000854 0.00111465
J1549-5722        0.10      2.93    13.000   0.00182 0.00085849
J1550-5242        0.32      6.67    11.000   0.00154 0.0142364
J1550-5317        0.40      8.45    85.000   0.0119 0.028561
J1551-5310        0.54      7.70    62.000   0.00868 0.0320166
B1550-54          0.79      4.41    22.000   0.00308 0.015364
J1554-5512        0.11      8.05    63.000   0.00882 0.00712828
B1552-23          0.90      4.61    10.800   0.001512 0.0191269
B1552-31          1.40      6.10    27.000   0.00378 0.052094
J1556-5358        0.53      6.96    29.000   0.00406 0.025674
J1557-4258        5.10      7.53     9.000   0.00126 0.289175
J1558-5419        0.40      9.09    22.000   0.00308 0.0330512
J1558-5756        0.19      3.64     9.500   0.00133 0.00251742
B1555-55          0.72      5.04     9.000   0.00126 0.0182892
B1556-44         40.00      2.60     6.000   0.00084 0.2704
B1556-57          1.40      5.34    11.000   0.00154 0.0399218
B1557-50         17.00      5.66     5.400   0.000756 0.544605
J1600-3053        3.20      2.67     0.079   1.106e-05 0.0228125
J1600-5916        0.33      6.95   130.000   0.0182 0.0159398
J1601-5244        0.13      5.14    62.000   0.00868 0.00343455
J1601-5335        0.22      4.04     7.400   0.001036 0.00359075
B1558-50          5.70      3.81     7.900   0.001106 0.0827418
J1602-4957        0.17      6.83    29.000   0.00406 0.00793031
B1600-27          1.70      2.58    20.000   0.0028 0.0113159
J1603-5657        0.53      8.52     4.700   0.000658 0.0384729
J1603-7202        3.00      1.64     1.340   0.0001876 0.0080688
B1600-49          5.50      3.59     4.400   0.000616 0.0708845
J1604-4718        0.22      1.48    11.000   0.00154 0.000481888
B1601-52         13.00      1.24    59.000   0.00826 0.0199888
J1605-5215        0.22      7.06    26.000   0.00364 0.0109656
B1604-00          5.00      0.59    12.500   0.00175 0.0017405
J1607-5140        0.26      7.01    20.000   0.0028 0.0127764
J1609-4616        0.38      4.01     5.600   0.000784 0.00611044
J1609-5158        0.27     12.73   100.000   0.014 0.0437543
J1610-5006        1.60      6.59    42.000   0.00588 0.069485
J1610-5303        0.76      6.60    44.000   0.00616 0.0331056
B1607-52          1.20      3.34     2.200   0.000308 0.0133867
J1611-4811        0.08      5.41    33.000   0.00462 0.00234145
J1611-4949        0.58      8.82    18.000   0.00252 0.0451196
J1611-5847        0.11      2.42     2.800   0.000392 0.000644204
J1612-5136        0.20     18.18   125.000   0.0175 0.0661025
B1609-47          1.50      3.90     9.700   0.001358 0.022815
J1613-5211        0.29      6.14    14.000   0.00196 0.0109329
J1613-5234        0.28      9.94    31.000   0.00434 0.027665
B1610-50          2.40      7.24    11.000   0.00154 0.125802
B1612+07          0.60      1.51    11.900   0.001666 0.00136806
J1614-5144        0.16      9.56    68.000   0.00952 0.014623
J1614-5402        0.25      6.96    14.000   0.00196 0.0121104
B1611-55          0.44      3.57    16.000   0.00224 0.00560776
J1615-5444        0.59      8.40     6.500   0.00091 0.0416304
J1616-5109        1.20     18.97   220.000   0.0308 0.431833
J1616-5208        0.44      7.38    43.000   0.00602 0.0239643
J1617-4216        0.28      6.28    38.000   0.00532 0.0110428
J1617-4608        0.15     10.68     7.700   0.001078 0.0171094
J1618-4723        1.00      3.42    11.000   0.00154 0.0116964
J1620-5414        0.13      1.69    26.000   0.00364 0.000371293
J1621-5039        0.36      4.88    20.000   0.0028 0.00857318
J1621-5243        0.27      7.76    17.000   0.00238 0.0162588
J1622-4332        0.53      8.32    32.000   0.00448 0.0366879
J1622-4347        0.18      5.32     9.800   0.001372 0.00509443
J1622-4802        0.92      6.00    17.000   0.00238 0.03312
J1622-4944        0.52      8.55    34.000   0.00476 0.0380133
B1620-09          0.60      3.86    14.700   0.002058 0.00893976
B1620-26          1.60      2.20     0.570   7.98e-05 0.007744
B1620-42          1.30     21.85    13.000   0.00182 0.620649
J1623-4949        0.36      3.76    11.000   0.00154 0.00508954
J1624-4411        0.48      3.65     8.100   0.001134 0.0063948
J1624-4613        0.39      5.09   170.000   0.0238 0.0101042
J1624-4721        0.15      6.11    18.000   0.00252 0.00559982
J1625-4904        0.20      7.94    13.000   0.00182 0.0126087
J1626-4537        1.10      5.41    12.000   0.00168 0.0321949
J1626-4807        0.37     10.25    57.000   0.00798 0.0388731
J1627-4706        0.10      7.32     9.200   0.001288 0.00535824
J1627-4845        0.48      6.86    36.000   0.00504 0.0225886
J1627-5547        0.65      5.66    14.000   0.00196 0.0208231
J1628-4804        1.00     11.21    43.000   0.00602 0.125664
J1628-4828        0.29     14.29   240.000   0.0336 0.0592192
B1626-47          4.00      6.53    76.000   0.01064 0.170564
J1630-4719        0.46      6.70    10.000   0.0014 0.0206494
J1631-4155        0.19      7.87    14.000   0.00196 0.011768
J1632-4509        0.16      9.58    18.000   0.00252 0.0146842
J1632-4621        0.99      8.42    18.000   0.00252 0.0701874
J1632-4757        0.30      7.05    21.000   0.00294 0.0149107
J1632-4818        0.39      8.54    43.000   0.00602 0.0284433
B1629-50          5.70      7.02     8.700   0.001218 0.280898
B1630-44          1.90     12.00    10.000   0.0014 0.2736
J1633-4805        0.23     11.90    48.000   0.00672 0.0325703
J1634-5107        0.35      9.30    14.000   0.00196 0.0302715
B1633+24          0.40      2.27    17.400   0.002436 0.00206116
J1635-4513        0.25      6.96    75.000   0.0105 0.0121104
J1635-4944        0.40      8.85    40.000   0.0056 0.031329
J1636-4440        0.38      9.33    10.000   0.0014 0.0330786
J1636-4803        1.10      6.53    44.000   0.00616 0.046905
J1636-4933        0.45     11.16    17.000   0.00238 0.0560455
B1634-45          1.10      3.83     3.700   0.000518 0.0161358
J1637-4335        0.18     30.00    40.000   0.0056 0.162
J1637-4450        0.40      8.25    14.000   0.00196 0.027225
J1637-4642        0.78      5.77    17.000   0.00238 0.0259685
J1637-4721        0.42      5.94    21.000   0.00294 0.0148191
J1637-4816        0.74     10.01    67.000   0.00938 0.0741481
J1638-3815        0.62     14.33    57.000   0.00798 0.127316
J1638-4344        0.17      5.09    34.000   0.00476 0.00440438
J1638-4417        0.21      8.46     5.600   0.000784 0.01503
J1638-4608        0.33      5.85     7.700   0.001078 0.0112934
J1638-4725        0.32      6.79    54.000   0.00756 0.0147533
J1638-5226        0.60      4.88    13.000   0.00182 0.0142886
B1635-45          0.78      4.64     8.700   0.001218 0.0167931
J1639-4359        0.92      5.23    24.000   0.00336 0.0251647
B1636-47          1.20      7.25    23.000   0.00322 0.063075
J1640+2224        2.00      1.19     0.220   3.08e-05 0.0028322
J1640-4648        0.26      6.10    15.000   0.0021 0.0096746
J1640-4951        0.15     10.66    13.000   0.00182 0.0170453
B1639+36A         0.14      7.50     0.110   1.54e-05 0.007875
B1639+36B         0.02      7.50     0.460   6.44e-05 0.001125
J1641+3627C       0.03      7.50     0.200   2.8e-05 0.0016875
J1641+3627D       0.02      7.50     0.200   2.8e-05 0.001125
J1641+3627E       0.01      7.50     0.150   2.1e-05 0.0005625
J1643-1224        4.80      4.86     0.410   5.74e-05 0.113374
J1643-4505        0.28      6.28     9.000   0.00126 0.0110428
J1643-4522        0.11      6.19    21.000   0.00294 0.00421477
J1643-4550        0.34      5.88    15.000   0.0021 0.0117553
B1641-45        310.00      5.30     8.200   0.001148 8.7079
B1642-03         21.00      2.91     4.200   0.000588 0.17783
B1641-68          2.00      1.80    88.000   0.01232 0.00648
B1643-43          0.98      6.86    13.000   0.00182 0.0461184
J1646-4308        0.33     10.96   185.000   0.0259 0.0396401
J1646-5123        0.17     10.88    15.000   0.0021 0.0201236
J1648-3256        1.00      5.30    15.000   0.0021 0.02809
J1648-4458        0.55      9.89    42.000   0.00588 0.0537967
J1648-4611        0.58      5.71    12.000   0.00168 0.0189104
J1649-3805        1.00      6.55     8.000   0.00112 0.0429025
J1649-4349        0.75      5.56    26.000   0.00364 0.0231852
J1649-4653        0.31      5.63    18.000   0.00252 0.00982604
J1649-4729        0.29     12.69    18.000   0.00252 0.0467005
J1650-1654        1.60      2.15    45.000   0.0063 0.007396
J1650-4126        0.29      5.06     7.600   0.001064 0.00742504
J1650-4341        0.26      8.11    20.000   0.0028 0.0171007
J1650-4502        0.35      5.09     7.300   0.001022 0.00906783
J1650-4921        0.16      5.84     3.800   0.000532 0.0054569
B1647-52          2.90      6.39    17.000   0.00238 0.118413
B1648-17          0.30      1.62    27.400   0.003836 0.00078732
B1648-42         16.00      7.21   110.000   0.0154 0.831746
J1651-4519        0.54      7.29    52.000   0.00728 0.0286978
B1649-23          1.10      3.10    35.100   0.004914 0.010571
B1650-38          1.30      5.12     4.300   0.000602 0.0340787
J1653-4030        0.40     10.37   125.000   0.0175 0.0430148
J1653-4249        1.30      5.64    14.000   0.00196 0.0413525
J1653-4315        0.53      5.13   105.000   0.0147 0.013948
J1653-4854        0.18     13.76    75.000   0.0105 0.0340808
J1654-2713        0.10      4.08    17.000   0.00238 0.00166464
J1654-3710        0.22     12.44    18.000   0.00252 0.0340458
J1654-4140        0.71      5.15    19.000   0.00266 0.018831
J1654-4245        0.14     11.84    31.000   0.00434 0.019626
J1656-3621        0.29      7.75    20.000   0.0028 0.0174181
J1657-4432        0.38      5.58    13.000   0.00182 0.0118318
J1658-4306        0.80      9.59    97.000   0.01358 0.0735745
J1658-4958        0.87      6.13    13.000   0.00182 0.0326919
J1659-4316        0.21      7.93    11.000   0.00154 0.0132058
J1659-4439        0.42      9.18    18.000   0.00252 0.0353944
J1700-3312        1.20      5.64    30.000   0.0042 0.0381715
J1700-3611        0.51      6.30    22.000   0.00308 0.0202419
J1700-3919        0.23      6.52    14.000   0.00196 0.00977739
J1700-4012        0.13      5.75    16.000   0.00224 0.00429813
J1700-4939        0.17     14.53    13.000   0.00182 0.0358906
B1657-45          2.50     17.39    21.000   0.00294 0.75603
B1658-37          2.90      7.81    43.000   0.00602 0.176889
J1702-3932        0.30      9.69    14.000   0.00196 0.0281688
J1702-4128        1.10      5.18    15.000   0.0021 0.0295156
J1702-4217        0.50      7.49    41.000   0.00574 0.02805
J1702-4306        0.27      7.12     8.000   0.00112 0.0136875
J1702-4310        0.72      5.44    16.000   0.00224 0.0213074
J1702-4428        0.38      7.05    74.000   0.01036 0.0188869
B1700-18          0.70      2.05    11.400   0.001596 0.00294175
B1700-32          7.60      3.31    39.000   0.00546 0.0832664
J1703-4442        0.21      5.34    12.000   0.00168 0.00598828
J1703-4851        1.10      4.50    13.000   0.00182 0.022275
B1702-19          8.00      1.18     7.300   0.001022 0.0111392
J1705-3423        4.10      3.75    12.000   0.00168 0.0576562
J1705-3936        0.33      8.46    22.000   0.00308 0.0236186
J1705-3950        1.50      3.86     8.200   0.001148 0.0223494
J1705-4108        1.30     11.87    44.000   0.00616 0.183166
J1706-3839        0.20     12.20    26.000   0.00364 0.029768
J1706-4310        0.28     13.43    16.000   0.00224 0.0505022
B1703-40          7.20      5.12    33.000   0.00462 0.188744
J1707-4341        0.46      7.99    12.000   0.00168 0.0293664
J1707-4729        1.90     10.64     6.300   0.000882 0.215098
J1708-3426        1.50      4.78    23.000   0.00322 0.0342726
J1708-3827        0.42     17.55    40.000   0.0056 0.129361
J1708-4522        0.22     25.93    17.000   0.00238 0.14792
B1706-16          4.00      1.27    10.800   0.001512 0.0064516
B1706-44          7.30      1.82     6.000   0.00084 0.0241805
J1709+2313        0.20      1.83     0.340   4.76e-05 0.00066978
J1709-3626        0.58      8.97    17.000   0.00238 0.0466673
J1709-3841        0.31      5.17    19.000   0.00266 0.00828596
J1709-4342        0.14      5.49    50.000   0.007 0.00421961
J1710-4148        0.31      6.90    12.000   0.00168 0.0147591
B1709-15          0.70      2.94    12.200   0.001708 0.00605052
J1711-3826        0.16      5.20    24.000   0.00336 0.0043264
J1711-4322        0.26      4.18     7.000   0.00098 0.00454282
J1713+0747        8.00      1.12     0.140   1.96e-05 0.0100352
J1713-3844        0.26      6.50    17.000   0.00238 0.010985
J1713-3949        0.35      4.99    12.000   0.00168 0.00871504
J1715-3247        0.08      4.06    60.000   0.0084 0.00131869
J1715-3700        0.37      6.08   110.000   0.0154 0.0136776
J1715-3859        0.54     10.52    62.000   0.00868 0.059762
J1715-3903        0.46      4.80     8.500   0.00119 0.0105984
J1715-4034        1.60      4.62    83.000   0.01162 0.034151
J1715-4254        0.07     10.91    26.000   0.00364 0.00833197
J1716-3720        0.41      9.46    14.000   0.00196 0.0366916
J1716-4111        0.22      4.79    12.000   0.00168 0.0050477
B1713-40         54.00      5.43    15.000   0.0021 1.59218
B1714-34          3.30     22.21    14.000   0.00196 1.62784
J1717-3737        0.69      6.31    22.000   0.00308 0.0274731
J1717-3847        0.30      9.52   287.000   0.04018 0.0271891
J1717-3953        0.78      8.79   300.000   0.042 0.060266
J1717-4043        0.54      9.03    41.000   0.00574 0.0440321
J1717-40433       0.41     11.41    38.000   0.00532 0.0533771
J1718-3714        0.23     10.57    96.000   0.01344 0.0256967
J1718-3718        0.18      4.86   130.000   0.0182 0.00425153
J1718-3825        1.30      4.24     3.900   0.000546 0.0233709
J1718-4539        0.08     11.49    11.000   0.00154 0.0105616
B1715-40          1.10      6.28     6.700   0.000938 0.0433822
J1719-4302        0.37      9.42     5.700   0.000798 0.0328325
B1717-16          1.10      1.76    16.200   0.002268 0.00340736
B1717-29          2.10      1.43    17.000   0.00238 0.00429429
B1718-02          1.00      5.41    59.000   0.00826 0.0292681
J1720-3659        0.74      5.11     7.500   0.00105 0.019323
B1718-19          0.30      8.60    20.600   0.002884 0.022188
B1718-35         11.00      6.36    26.000   0.00364 0.444946
B1718-32          3.40      3.18    10.000   0.0014 0.0343822
B1718-36          1.60      5.30    22.000   0.00308 0.044944
B1719-37          3.20      2.51     4.000   0.00056 0.0201603
J1722-4400        0.22      7.30     3.700   0.000518 0.0117238
J1723-3659        1.50      4.28     7.800   0.001092 0.0274776
J1724-3149        0.36     10.59    32.000   0.00448 0.0403733
J1724-3505        0.24     12.01    24.000   0.00336 0.0346176
J1724-4500        0.05      6.36    28.000   0.00392 0.00202248
J1725-2852        0.25      3.89    38.000   0.00532 0.00378303
J1725-3546        0.61     10.20    33.000   0.00462 0.0634644
J1725-3848        0.14      4.49    32.000   0.00448 0.00282241
J1725-4043        0.34      4.80    50.000   0.007 0.0078336
J1726-3530        0.30      9.97    55.000   0.0077 0.0298203
J1726-3635        0.29      7.36     7.800   0.001092 0.0157092
J1726-4006        0.21      6.45    20.000   0.0028 0.00873653
J1727-2739        1.60      3.58    90.000   0.0126 0.0205062
J1728-3733        0.19      4.94     8.100   0.001134 0.00463668
J1728-4028        0.69      5.29   100.000   0.014 0.019309
B1727-33          3.20      4.25     8.600   0.001204 0.0578
J1730-2304        4.00      0.51     1.070   0.0001498 0.0010404
J1730-2900        0.13      7.20    23.000   0.00322 0.0067392
J1730-3353        0.38      4.59    54.000   0.00756 0.00800588
B1727-47         12.00      4.98    20.000   0.0028 0.297605
J1731-3123        0.29      5.27    19.000   0.00266 0.00805414
B1729-41          0.63      5.93    16.000   0.00224 0.0221539
J1732-1930        0.30      2.21    16.000   0.00224 0.00146523
J1732-3426        0.24      6.43    14.000   0.00196 0.00992278
J1732-3729        0.31      6.20    40.000   0.0056 0.0119164
J1732-4156        0.22      8.78    21.000   0.00294 0.0169594
B1730-22          2.30      1.49    60.000   0.0084 0.00510623
B1730-37          3.40      3.45     6.200   0.000868 0.0404685
J1733-2533        0.10      7.78    36.000   0.00504 0.00605284
J1733-2837        0.07      4.66    12.000   0.00168 0.00152009
J1733-3030        0.20     13.37    16.000   0.00224 0.0357514
J1733-3322        0.80      6.30    34.300   0.004802 0.031752
J1733-4005        0.49     16.02    14.000   0.00196 0.125754
J1734-3333        0.50      7.40   164.100   0.022974 0.02738
B1732-07          1.70      4.32     7.400   0.001036 0.0317261
J1735-3258        0.46     11.14   187.500   0.02625 0.0570858
J1736-2457        0.52      4.21    60.000   0.0084 0.00921653
J1736-2819        0.16      4.97    21.000   0.00294 0.00395214
J1736-2843        0.43      7.38   145.000   0.0203 0.0234197
J1736-3511        0.18      2.72    15.000   0.0021 0.00133171
B1734-35          0.74      2.25     6.900   0.000966 0.00374625
J1737-3102        0.60      4.44    15.000   0.0021 0.0118282
J1737-3137        0.80      5.88    16.400   0.002296 0.0276595
J1737-3320        0.35     14.40    42.000   0.00588 0.072576
B1735-32          2.80      1.48    12.000   0.00168 0.00613312
J1738-2647        0.44      3.68    12.000   0.00168 0.00595866
J1738-2955        0.29      3.91    23.400   0.003276 0.00443355
J1738-3107        0.26     10.59    34.000   0.00476 0.0291585
J1738-3316        0.55      4.51    91.000   0.01274 0.0111871
B1736-29          2.00      3.19     6.700   0.000938 0.0203522
B1736-31          4.90      7.68    22.000   0.00308 0.289014
J1739-3023        1.00      3.41     6.100   0.000854 0.0116281
J1739-3049        0.50      6.97    18.800   0.002632 0.0242904
J1739-3159        1.00      4.85    53.500   0.00749 0.0235225
J1739-3951        0.12      1.14     9.400   0.001316 0.000155952
B1737+13          3.90      4.77    32.700   0.004578 0.0887363
B1737-30          6.40      3.28     5.200   0.000728 0.0688538
J1740-2540        0.16      9.11    30.000   0.0042 0.0132787
J1740-3052        0.70     10.87     8.900   0.001246 0.0827098
J1740-3327        0.30      4.72    11.000   0.00154 0.00668352
B1737-39          4.70      4.75     9.300   0.001302 0.106044
B1738-08          1.40      3.50    77.600   0.010864 0.01715
J1741+1354        0.93      1.41     0.160   2.24e-05 0.00184893
J1741-2719        0.20      5.74    14.000   0.00196 0.00658952
J1741-2733        1.10      3.33    42.200   0.005908 0.0121978
J1741-2945        0.60      4.66    10.700   0.001498 0.0130294
J1741-3016        2.30      5.02    39.800   0.005572 0.0579609
J1742-3957        0.14      6.13    66.000   0.00924 0.00526077
B1740-03          0.50      1.59     6.500   0.00091 0.00126405
B1740-13          0.50      4.85    14.600   0.002044 0.0117612
B1740-31          1.90      3.65    45.000   0.0063 0.0253127
J1743-2442        0.14      5.23    75.000   0.0105 0.00382941
J1743-3153        0.50      8.03    11.300   0.001582 0.0322404
J1744-1134        3.00      0.48     0.156   2.184e-05 0.0006912
J1744-2335        0.20      2.45    26.000   0.00364 0.0012005
J1744-3130        0.70      3.64    16.000   0.00224 0.00927472
J1744-3922        0.11      4.60     3.400   0.000476 0.0023276
B1742-30         13.00      2.08     7.800   0.001092 0.0562432
J1745-2229        0.13      8.77    14.000   0.00196 0.00999868
J1746-2849        0.40     30.00    31.000   0.00434 0.36
J1746-2850        0.80     12.86    45.000   0.0063 0.132304
J1747-2647        1.54      8.44    66.000   0.00924 0.1097
J1747-2802        0.50     11.78    27.300   0.003822 0.0693842
J1747-2958        0.25      2.49     7.000   0.00098 0.00155003
B1744-24A         0.61      8.70     0.800   0.000112 0.0461709
B1745-12          2.00      3.64    12.300   0.001722 0.0264992
B1745-20A         0.37      8.40    87.000   0.01218 0.0261072
J1748-2444        0.34      3.89     5.200   0.000728 0.00514491
B1746-30          3.70      9.05    45.000   0.0063 0.303039
J1749-2347        0.13      6.22     9.100   0.001274 0.00502949
J1749-2629        0.70      5.28    46.400   0.006496 0.0195149
B1747-31          1.20      4.43    10.000   0.0014 0.0235499
J1750-2043        0.24      5.16   360.000   0.0504 0.00639014
J1750-2438        0.50      7.15     9.600   0.001344 0.0255613
J1750-2444        0.27      5.11    32.000   0.00448 0.00705027
J1750-3503        0.79      5.07    67.000   0.00938 0.0203069
B1747-46         10.00      1.03    17.000   0.00238 0.010609
J1751-2516        0.22      7.46    27.300   0.003822 0.0122434
J1751-3323        1.30      9.27     8.400   0.001176 0.111713
B1749-28         18.00      1.53     9.100   0.001274 0.0421362
J1752-2410        0.47      7.40     7.100   0.000994 0.0257372
J1752-2821        0.32      7.62    11.500   0.00161 0.0185806
B1750-24          2.30     10.18    57.000   0.00798 0.238355
J1753-1914        0.13      2.69    11.000   0.00154 0.000940693
J1753-2240        0.15      3.46     3.000   0.00042 0.00179574
B1753+52          1.60      3.56    11.400   0.001596 0.0202778
J1754-3443        0.49      5.47    12.000   0.00168 0.0146612
J1754-3510        0.47      2.29     4.100   0.000574 0.00246473
J1755-1650        0.13      4.28    12.000   0.00168 0.00238139
J1755-2025        0.18      8.64     6.000   0.00084 0.0134369
J1755-25211       0.17     11.59    20.000   0.0028 0.0228358
J1755-2521        0.70      4.12    13.400   0.001876 0.0118821
J1755-2534        0.17      7.10    15.000   0.0021 0.0085697
J1755-2725        0.50      2.83    23.800   0.003332 0.00400445
B1753-24          2.00      4.96    25.000   0.0035 0.0492032
J1756-2225        0.25      5.04    19.000   0.00266 0.0063504
J1756-2251        0.60      2.92     0.780   0.0001092 0.00511584
J1756-2619        0.10      7.74    18.000   0.00252 0.00599076
B1754-24          3.90      3.51    15.000   0.0021 0.0480484
J1757-2223        1.10      4.11     2.300   0.000322 0.0185813
J1758-1931        0.38      4.04    21.000   0.00294 0.00620221
J1758-2206        0.41     11.38    16.600   0.002324 0.0530968
J1758-2540        0.65      3.85   120.000   0.0168 0.00963463
J1758-2630        0.41      4.99    15.600   0.002184 0.010209
J1758-2846        0.20      1.52     4.400   0.000616 0.00046208
B1756-22          1.30      3.54     3.900   0.000546 0.0162911
J1759-1736        0.12      4.83    19.000   0.00266 0.00279947
J1759-1903        0.16     13.56    34.000   0.00476 0.0294198
J1759-1940        0.90      5.24    19.600   0.002744 0.0247118
J1759-1956        0.41      4.44    37.900   0.005306 0.00808258
J1759-2302        1.30     11.88    61.500   0.00861 0.183475
J1759-2307        0.70     11.20    22.400   0.003136 0.087808
J1759-2549        0.60      5.94    15.600   0.002184 0.0211702
J1759-2922        0.56      1.92    10.000   0.0014 0.00206438
J1759-3107        0.91      3.33    16.000   0.00224 0.0100909
J1800-2114        0.30     10.24    90.000   0.0126 0.0314573
B1757-24          0.85      4.61     9.600   0.001344 0.0180643
B1758-03          0.70      7.13    11.400   0.001596 0.0355858
B1758-23          2.20     13.49    88.000   0.01232 0.400356
B1758-29          1.80      3.27    52.000   0.00728 0.0192472
J1801-1417        0.17      1.80     0.420   5.88e-05 0.0005508
J1801-1855        0.47     11.91    41.900   0.005866 0.0666686
J1801-1909        0.50      4.81    40.000   0.0056 0.011568
J1801-2115        0.19     12.33    47.000   0.00658 0.0288855
J1801-2154        0.18      5.15     9.600   0.001344 0.00477405
J1801-3458        0.11      3.98    48.000   0.00672 0.00174244
J1802-1745        0.21      5.22     8.800   0.001232 0.00572216
J1802-2124        0.77      3.33     0.370   5.18e-05 0.00853845
J1802-2426        0.60     12.13    22.200   0.003108 0.0882821
B1800-21          7.60      3.94    14.000   0.00196 0.117979
B1800-27          1.00      3.62    18.000   0.00252 0.0131044
J1803-1616        0.16     13.20    19.000   0.00266 0.0278784
J1803-1857        0.40      5.88    25.600   0.003584 0.0138298
J1803-1920        0.27      6.51    12.000   0.00168 0.0114426
B1802-07          1.00      8.40     3.700   0.000518 0.07056
J1804-2228        0.20      5.33    27.300   0.003822 0.00568178
J1804-2717        0.40      1.17     1.550   0.000217 0.00054756
J1805-1504        2.20      5.28   235.000   0.0329 0.0613325
J1805-2032        0.70     11.87    26.300   0.003682 0.0986278
J1805-2037        0.34      9.26    13.200   0.001848 0.0291542
J1805-2447        0.27      4.79    11.000   0.00154 0.00619491
B1804-12          2.60      3.56    32.000   0.00448 0.0329514
J1806-1618        0.22      6.57    34.000   0.00476 0.00949628
J1806-1920        1.90     10.16   400.000   0.056 0.196129
J1806-2125        1.10     10.02    26.400   0.003696 0.11044
B1804-08         15.00      3.60     8.900   0.001246 0.1944
B1804-27          0.91      9.63    14.000   0.00196 0.0843906
J1807-2459A       1.10      2.70     0.330   4.62e-05 0.008019
B1805-20          2.60      7.35    76.000   0.01064 0.140459
J1808-0813        1.80      5.18    24.000   0.00336 0.0482983
J1808-1020        0.23      8.51     7.800   0.001092 0.0166566
J1808-1726        0.39      8.57    66.000   0.00924 0.0286435
B1806-21          0.84      5.20    13.000   0.00182 0.0227136
J1809-0743        0.29     17.82    12.000   0.00168 0.0920902
J1809-1429        0.60     12.01    11.000   0.00154 0.0865441
J1809-1850        0.20      7.17    55.000   0.0077 0.0102818
J1809-1917        2.50      3.71    18.000   0.00252 0.0344103
J1809-1943        4.50      3.57   150.000   0.021 0.0573521
J1809-2004        0.90     10.91    46.300   0.006482 0.107125
J1810-1441        0.21      5.91    14.000   0.00196 0.0073349
J1810-1820        0.70      5.59    13.600   0.001904 0.0218737
J1810-2005        2.00      4.04     7.200   0.001008 0.0326432
J1811-1736        1.30      5.94    23.400   0.003276 0.0458687
J1811-1835        0.42      9.36    16.700   0.002338 0.036796
J1811-2439        0.26      3.84    17.000   0.00238 0.00383386
B1809-173         1.00      4.20    19.000   0.00266 0.01764
B1809-176         3.30      6.32    63.000   0.00882 0.13181
B1810+02          0.30      6.16    13.200   0.001848 0.0113837
J1812-1910        0.22     11.52    28.000   0.00392 0.0291963
J1812-2102        1.40      9.62    39.400   0.005516 0.129562
B1811+40          1.10      4.32    12.200   0.001708 0.0205286
J1813-2113        0.60      8.75    13.100   0.001834 0.0459375
J1813-2242        0.21      7.37    21.000   0.00294 0.0114065
J1814-0618        0.58      4.53    41.000   0.00574 0.0119021
J1814-1649        1.10      9.62    28.000   0.00392 0.101799
J1814-1744        0.70      9.76    92.000   0.01288 0.0666803
J1815-1738        0.25      9.06    29.000   0.00406 0.0205209
J1815-1910        0.32      7.69    25.400   0.003556 0.0189236
B1813-17          1.20      6.48    17.000   0.00238 0.0503885
B1813-26          1.10      3.61    40.000   0.0056 0.0143353
J1816-0755        0.17      3.21     6.200   0.000868 0.0017517
J1816-1446        0.23      8.95    25.000   0.0035 0.0184236
B1813-36          2.00      3.78     9.000   0.00126 0.0285768
J1817-0743        0.25      0.77    20.000   0.0028 0.000148225
J1817-1511        0.43     11.58    21.000   0.00294 0.0576615
B1815-14          7.10      8.10    19.000   0.00266 0.465831
J1818-1116        0.50     10.13    25.000   0.0035 0.0513085
J1818-1519        2.10      9.98   130.400   0.018256 0.209161
J1818-1541        1.00      8.24    27.200   0.003808 0.0678976
J1818-1556        0.49      4.06    26.000   0.00364 0.00807696
J1819-0925        0.72     11.27    20.000   0.0028 0.0914493
J1819-1008        0.35     10.68     9.900   0.001386 0.0399218
J1819-1131        0.15     12.51    64.000   0.00896 0.023475
J1819-1318        0.16      1.48    23.000   0.00322 0.000350464
J1819-1408        0.50     12.45   116.800   0.016352 0.0775012
J1819-1510        0.60      5.61     6.900   0.000966 0.0188833
B1817-13          2.00      9.63    33.000   0.00462 0.185474
B1817-18          1.10      8.43    16.000   0.00224 0.0781714
B1818-04          6.10      2.45    11.000   0.00154 0.0366153
J1820-0509        0.25      2.83     9.000   0.00126 0.00200223
J1820-1529        0.61      9.47    28.000   0.00392 0.0547053
J1821-0256        0.19      2.56    10.000   0.0014 0.00124518
J1821-1419        0.20     11.86    99.000   0.01386 0.0281319
J1821-1432        0.22      6.95    37.000   0.00518 0.0106266
B1819-22          2.40      3.43    46.000   0.00644 0.0282358
B1820-14          0.80      7.77     9.100   0.001274 0.0482983
J1822-0848        0.04      4.20    31.000   0.00434 0.0007056
J1822-0907        0.12     12.87    28.000   0.00392 0.0198764
J1822-1252        0.25     10.69   105.000   0.0147 0.028569
J1822-1617        0.20     11.77   115.000   0.0161 0.0277066
J1822-4209        1.50      3.50    17.000   0.00238 0.018375
B1820-11          3.20      6.28    26.000   0.00364 0.126203
B1820-30B         0.07      7.90     6.000   0.00084 0.0043687
B1820-31          2.50      1.66     6.300   0.000882 0.006889
B1821+05          1.70      3.01    10.200   0.001428 0.0154022
J1823-0154        0.78      4.56     8.100   0.001134 0.016219
J1823-1126        0.51      8.75    23.000   0.00322 0.0390469
J1823-1347        0.41     11.14    34.600   0.004844 0.0508808
J1823-1526        0.47      9.36    41.000   0.00574 0.0411765
J1823-1807        0.39      6.64    34.600   0.004844 0.0171949
B1821-11          1.30      8.03    23.000   0.00322 0.0838252
B1821-19          4.90      5.20     2.900   0.000406 0.132496
B1821-24          0.18      4.90     0.150   2.1e-05 0.0043218
J1824-0127        0.59      2.19    20.000   0.0028 0.0028297
J1824-1159        0.70      6.09    10.800   0.001512 0.0259617
J1824-1423        0.80      6.05     9.900   0.001386 0.029282
J1824-1500        0.16      8.40    18.000   0.00252 0.0112896
J1824-2233        0.22      4.21    13.000   0.00182 0.0038993
J1824-2328        0.32      5.55    18.000   0.00252 0.0098568
B1822+00          0.40      2.26    10.300   0.001442 0.00204304
B1822-09         12.00      1.00    12.000   0.00168 0.012
B1822-14          2.60      5.45    12.000   0.00168 0.0772265
B1823-11          0.71      4.83   160.000   0.0224 0.0165635
B1823-13          2.10      4.12     5.800   0.000812 0.0356462
J1826-1526        0.46     10.87    13.400   0.001876 0.0543522
B1824-10          1.80      6.15    22.000   0.00308 0.0680805
J1827-0750        1.40      7.62    10.000   0.0014 0.0812902
J1827-0934        0.29      4.47    19.500   0.00273 0.00579446
J1828-0611        1.20      8.79    10.000   0.0014 0.0927169
J1828-1007        0.21      4.71     8.700   0.001218 0.00465866
J1828-1057        0.23      4.30    15.000   0.0021 0.0042527
J1828-1101        2.90      7.26     9.900   0.001386 0.152852
J1828-1336        0.26      7.99    34.600   0.004844 0.0165984
J1828-2119        0.38     12.58    28.000   0.00392 0.0601374
B1826-17          7.70      5.49    15.000   0.0021 0.232079
J1829-0734        0.45      5.45     7.100   0.000994 0.0133661
B1828-11          1.40      3.58     3.200   0.000448 0.017943
J1830-0052        0.04      7.25     9.300   0.001302 0.0021025
J1830-1135        1.10      4.36    62.200   0.008708 0.0209106
J1830-1313        0.26     10.42    38.000   0.00532 0.0282299
J1830-1414        0.10      7.82    11.000   0.00154 0.00611524
J1831-0823        0.97      4.45    14.000   0.00196 0.0192084
J1831-0952        0.33      4.32     8.000   0.00112 0.00615859
J1831-1223        1.20      5.51    98.000   0.01372 0.0364321
J1831-1329        0.50      6.48    47.100   0.006594 0.0209952
J1831-1423        0.19      8.19    23.000   0.00322 0.0127445
B1829-08          2.10      4.75     7.100   0.000994 0.0473813
B1829-10          1.30      6.43     8.400   0.001176 0.0537484
J1832+0029        0.14      1.45     7.100   0.000994 0.00029435
J1832-0644        0.70      8.81    27.300   0.003822 0.0543313
B1830-08          3.60      5.67     4.900   0.000686 0.115736
B1831-03          2.80      5.07     7.500   0.00105 0.0719737
J1833-0556        0.20      6.90    69.000   0.00966 0.009522
J1833-0559        0.60      5.83    41.400   0.005796 0.0203933
J1833-1034        0.07      4.30     2.500   0.00035 0.0012943
J1833-1055        0.50      8.44    24.200   0.003388 0.0356168
B1831-00          0.29      2.64    30.200   0.004228 0.00202118
B1831-04          5.00      2.30    84.000   0.01176 0.02645
J1834-0602        0.80      6.60    16.800   0.002352 0.034848
J1834-0633        0.28      9.60   101.600   0.014224 0.0258048
J1834-0731        1.00      4.85    30.000   0.0042 0.0235225
J1834-0742        0.35      6.84    18.000   0.00252 0.016375
J1834-1202        0.70      6.45    63.000   0.00882 0.0291218
J1834-1710        1.00      3.53    14.000   0.00196 0.0124609
J1834-1855        0.48      6.23    46.000   0.00644 0.0186302
B1832-06          1.30      6.44    32.000   0.00448 0.0539157
J1835-0349        0.16      5.27    15.000   0.0021 0.00444366
J1835-0522        0.23      7.20    23.000   0.00322 0.0119232
J1835-0924        0.50      6.62    41.600   0.005824 0.0219122
J1835-0944        0.41      4.67     7.300   0.001022 0.00894165
J1835-0946        0.18      4.04     4.000   0.00056 0.00293789
J1835-1020        1.90      2.57     5.700   0.000798 0.0125493
J1835-1106        2.20      3.08     4.700   0.000658 0.0208701
J1835-1548        0.06     23.42    17.000   0.00238 0.0329098
B1834-04          1.80      4.62     9.100   0.001274 0.0384199
B1834-10          3.70      5.39     8.700   0.001218 0.107493
J1836-0517        0.15      8.07    13.000   0.00182 0.00976874
J1836-1324        0.10      3.92     2.400   0.000336 0.00153664
B1834-06          2.50      4.93   105.000   0.0147 0.0607622
J1837-0045        0.61      2.55     9.600   0.001344 0.00396652
J1837+0053        0.34      3.31    53.000   0.00742 0.00372507
J1837-0559        0.50      5.01    10.700   0.001498 0.01255
J1837-0604        0.70      6.19    13.000   0.00182 0.0268213
J1837-1243        0.17      7.51    24.400   0.003416 0.00958802
J1837-1837        0.36      3.04     9.000   0.00126 0.00332698
J1838-0453        0.33      8.28    12.700   0.001778 0.0226243
J1838-0549        0.29      4.66     7.000   0.00098 0.00629752
J1838-0624        0.16      5.89    36.000   0.00504 0.00555074
J1838-1046        0.50      4.35    16.600   0.002324 0.00946125
J1839-0321        0.27      6.82     5.400   0.000756 0.0125583
J1839-0402        0.21      4.69     7.000   0.00098 0.00461918
J1839-0436        0.23      5.00     6.400   0.000896 0.00575
J1839-0459        0.30      4.59    11.700   0.001638 0.00632043
J1839-0627        0.29      2.33    23.200   0.003248 0.00157438
J1839-0643        1.40      6.55    19.100   0.002674 0.0600635
J1839-0905        0.16      6.15    17.000   0.00238 0.0060516
J1839-1238        0.37      4.16    26.000   0.00364 0.00640307
B1839+56          4.00      1.70    27.100   0.003794 0.01156
J1840+0214        0.07      5.44    10.000   0.0014 0.00207155
J1840-0559        0.31      5.05    16.000   0.00224 0.00790578
J1840-0626        0.16      8.99    37.000   0.00518 0.0129312
J1840-0809        2.30      5.81    10.000   0.0014 0.077639
J1840-0815        1.40      4.43    22.000   0.00308 0.0274749
J1840-0840        1.00      4.26   180.000   0.0252 0.0181476
J1840-1122        0.13      8.21    11.000   0.00154 0.00876253
J1840-1207        0.22      9.71    15.000   0.0021 0.0207425
B1838-04          2.60      5.17     5.300   0.000742 0.0694951
B1839+09          1.70      2.49     7.900   0.001106 0.0105402
J1841-0157        0.81      7.20    21.000   0.00294 0.0419904
J1841-0310        0.15      4.65    59.000   0.00826 0.00324338
J1841-0345        1.40      4.15     9.500   0.00133 0.0241115
J1841-0524        0.20      4.86    13.000   0.00182 0.00472392
J1841-1404        0.18     12.56    18.000   0.00252 0.0283956
B1839-04          4.40      4.15   285.000   0.0399 0.075779
J1842-0153        0.60      6.49    21.400   0.002996 0.0252721
J1842+0257        0.26      4.06    52.000   0.00728 0.00428574
J1842-0309        0.25     11.18    43.000   0.00602 0.0312481
J1842+0358        0.09      3.21     3.900   0.000546 0.000927369
J1842-0415        0.35      4.12    11.000   0.00154 0.00594104
J1842-0612        0.54      7.13    53.000   0.00742 0.0274519
J1842+0638        0.21     10.48    13.000   0.00182 0.0230644
J1842-0905        0.81      7.41     7.700   0.001078 0.0444756
J1843-0000        2.90      2.83    26.000   0.00364 0.0232258
J1843-0050        0.24      7.73    19.100   0.002674 0.0143407
J1843-0137        0.26      7.12    17.000   0.00238 0.0131805
J1843-0211        0.93      6.48    24.000   0.00336 0.0390511
J1843-0355        0.80      8.81    16.700   0.002338 0.0620929
J1843-0408        0.17      4.60    12.000   0.00168 0.0035972
J1843-0459        1.70      6.15    56.000   0.00784 0.0642983
J1843-0702        0.17      4.60     4.700   0.000658 0.0035972
J1843-0744        0.17      5.77     9.000   0.00126 0.00565979
J1843-0806        0.36      4.50    21.000   0.00294 0.00729
J1843-1113        0.10      1.97     0.250   3.5e-05 0.00038809
J1843-1507        0.17      9.15     6.500   0.00091 0.0142328
B1841-04          1.10      2.78    13.000   0.00182 0.00850124
B1841-05          2.20      6.18    19.000   0.00266 0.0840233
B1842-02          0.87      5.99    20.000   0.0028 0.0312157
B1842+14          1.50      2.23     9.300   0.001302 0.00745935
J1844+00          8.60      6.65    12.000   0.00168 0.380314
J1844-0030        0.42      8.66    16.000   0.00224 0.0314982
J1844-0256        0.46      8.77    68.000   0.00952 0.0353799
J1844-0310        0.53      8.88    20.400   0.002856 0.0417928
J1844-0452        0.19      8.12    16.000   0.00224 0.0125275
J1844-0502        0.40      5.16    24.000   0.00336 0.0106502
B1842-04          1.60      4.61    17.000   0.00238 0.0340034
J1845-0316        0.35      6.53    12.000   0.00168 0.0149243
J1845-0545        0.47      5.37    18.000   0.00252 0.0135533
J1845+0623        0.33      3.50    14.000   0.00196 0.0040425
J1845-0743        2.70      5.85     4.700   0.000658 0.0924007
J1845-1114        0.52      5.81     3.700   0.000518 0.0175532
J1845-1351        0.33      7.51    16.000   0.00224 0.018612
J1846+0051        0.34      3.20    28.200   0.003948 0.0034816
J1846-0749        0.19      4.47    19.000   0.00266 0.00379637
B1844-04          4.30      3.12    22.000   0.00308 0.0418579
J1847-0130        0.33      7.74   205.000   0.0287 0.0197695
J1847-0438        0.50      4.72    11.300   0.001582 0.0111392
J1847-0443        0.16      7.56     9.000   0.00126 0.00914458
J1847-0605        0.80      4.59    13.100   0.001834 0.0168545
B1845-01          8.60      3.80    17.000   0.00238 0.124184
J1848-0023        0.60      1.55    17.700   0.002478 0.0014415
J1848-0055        0.19     15.10    27.900   0.003906 0.0433219
J1848-0511        0.40      7.78    99.000   0.01386 0.0242114
J1848+0604        0.35      8.78    46.000   0.00644 0.0269809
J1848+0647        0.17      1.44    13.000   0.00182 0.000352512
J1848+0826        0.11      3.37    19.000   0.00266 0.00124926
J1848-1150        0.21      4.83    32.000   0.00448 0.00489907
B1846-06          1.40      3.68    89.000   0.01246 0.0189594
J1849-0040        0.20     20.86    64.590   0.0090426 0.0870279
J1849+0127        0.46      4.54    17.000   0.00238 0.00948134
J1849-0317        0.70      1.90    23.200   0.003248 0.002527
J1849+0409        0.10      2.39    11.000   0.00154 0.00057121
J1849-0614        0.59      2.72    14.000   0.00196 0.00436506
B1848+13          0.65      3.14     5.700   0.000798 0.00640874
J1850-0006        0.80      7.21   139.000   0.01946 0.0415873
J1850-0026        1.77     10.69    13.000   0.00182 0.202269
J1850+0026        1.00      4.27    14.100   0.001974 0.0182329
J1850-0031        0.23      9.86    32.000   0.00448 0.0223605
B1848+04          0.66      3.17    71.000   0.00994 0.00663227
B1848+12          0.75      3.50    11.000   0.00154 0.0091875
J1851-0029        0.44      6.86    13.000   0.00182 0.0207062
J1851-0053        1.00      1.24    19.000   0.00266 0.0015376
J1851-0114        0.28      6.28    25.000   0.0035 0.0110428
J1851+0118        0.10      6.71    24.000   0.00336 0.00450241
J1851-0241        0.20      7.34    35.000   0.0049 0.0107751
B1849+00          2.20     10.02   235.000   0.0329 0.220881
J1852+0008        0.31      5.10    16.000   0.00224 0.0080631
J1852+0013        0.30      7.22    19.000   0.00266 0.0156385
J1852-0118        0.35      5.16    24.000   0.00336 0.00931896
J1852-0127        0.58      6.46    18.000   0.00252 0.0242043
J1852+0305        0.80      6.73    15.600   0.002184 0.0362343
J1852-0635        5.90      3.26    90.000   0.0126 0.0627028
J1852-2610        1.40      2.26     7.000   0.00098 0.00715064
J1853-0004        0.87      6.58     2.230   0.0003122 0.0376679
J1853+0011        0.30      7.48    11.800   0.001652 0.0167851
J1853+0056        0.21      3.82     5.400   0.000756 0.0030644
J1853+0505        1.50      7.33    92.000   0.01288 0.0805933
J1853+0545        1.60      4.77     9.500   0.00133 0.0364046
J1853+0853        0.11      7.30    50.000   0.007 0.0058619
B1852+10          1.03      8.27    43.000   0.00602 0.0704447
J1855+0307        0.97      7.45    12.000   0.00168 0.0538374
J1855+0422        0.45      9.85    42.700   0.005978 0.0436601
J1855+0527        0.24      9.70     3.000   0.00042 0.0225816
J1855+0700        0.10      6.88     5.400   0.000756 0.00473344
J1855-0941        0.48      4.88    26.000   0.00364 0.0114309
B1853+01          0.19      3.30     3.800   0.000532 0.0020691
J1856+0102        0.38      8.61    16.800   0.002352 0.0281702
J1856+0404        0.48      6.98     6.600   0.000924 0.0233858
B1854+00          0.92      2.63    22.000   0.00308 0.00636355
B1855+02          1.60      8.63    14.000   0.00196 0.119163
B1855+09          5.00      0.91     0.550   7.7e-05 0.0041405
J1857+0143        0.74      5.18    15.700   0.002198 0.019856
J1857+0210        0.30     15.01    16.000   0.00224 0.06759
J1857+0526        0.66     11.44     9.700   0.001358 0.0863766
J1857+0809        0.14      8.79    12.000   0.00168 0.010817
J1858+0215        0.22     12.46    32.500   0.00455 0.0341554
J1858+0241        0.10      6.54    80.000   0.0112 0.00427716
J1859+00          4.80      8.60    54.000   0.00756 0.355008
J1859+0601        0.30      5.98    24.320   0.0034048 0.0107281
B1857-26         13.00      2.00    34.100   0.004774 0.052
J1900-0051        0.45      3.28     5.600   0.000784 0.00484128
J1900+0227        0.33      4.32    17.300   0.002422 0.00615859
J1900+0634        0.24      7.31    11.100   0.001554 0.0128247
B1859+01          0.38      2.96     6.100   0.000854 0.00332941
B1859+03          4.20      8.05    11.000   0.00154 0.272171
B1859+07          0.90      5.49    11.000   0.00154 0.0271261
J1901+00          0.35      8.17    22.000   0.00308 0.0233621
J1901+0124        0.30      7.20     8.255   0.0011557 0.015552
J1901+0254        0.58      3.51    70.000   0.0098 0.00714566
J1901-0312        0.23      2.85     7.900   0.001106 0.00186818
J1901-0315        0.09      7.03    10.000   0.0014 0.00444788
J1901+0320        0.89      7.74    47.200   0.006608 0.0533178
J1901+0355        0.15     10.17    12.000   0.00168 0.0155143
J1901+0413        1.10      6.91    83.500   0.01169 0.0525229
J1901+0510        0.66      8.47    56.860   0.0079604 0.047349
J1901+0621        0.47      3.00    53.000   0.00742 0.00423
J1901-0906        3.10      2.42    13.000   0.00182 0.0181548
B1900+05          1.20      3.91    11.000   0.00154 0.0183457
B1900+06          1.10      9.63    24.000   0.00336 0.102011
J1902+0248        0.17      6.09    35.403   0.00495642 0.00630498
J1902-0340        0.22      2.79    25.000   0.0035 0.0017125
J1902+0723        0.17      3.33    29.000   0.00406 0.00188511
B1900+01          5.50      4.40     9.900   0.001386 0.10648
J1903-0258        0.14      3.09     4.800   0.000672 0.00133673
J1903+0601        0.26      8.06    12.000   0.00168 0.0168905
B1901+10          0.58      4.03    28.000   0.00392 0.00941972
J1904+0004        2.10      6.43     7.800   0.001092 0.0868243
J1904-0150        0.09      4.94     5.600   0.000784 0.00219632
J1904+0412        0.23      4.01     2.500   0.00035 0.00369842
J1904+0800        0.36      9.20     9.200   0.001288 0.0304704
B1902-01          0.92      6.91     6.200   0.000868 0.0439283
B1903+07          1.80      4.98    39.000   0.00546 0.0446407
J1905+0154A       0.02      7.90     0.510   7.14e-05 0.0012482
J1905+0400        0.05      1.34     0.590   8.26e-05 8.978e-05
J1905+0600        0.42     18.13    13.000   0.00182 0.138053
J1905+0616        0.51      5.24    21.000   0.00294 0.0140034
B1904+06          1.70      9.23    18.000   0.00252 0.144828
J1906+0414        0.23      9.21    22.000   0.00308 0.0195095
J1906+0649        0.30      5.07    37.000   0.00518 0.00771147
J1906+0746        0.55      4.53     0.600   8.4e-05 0.0112865
J1906+0912        0.32      5.63    16.700   0.002338 0.010143
B1905+39          1.80      1.76    58.500   0.00819 0.00557568
J1907+0249        0.46      7.42    21.700   0.003038 0.0253259
J1907+0345        0.17      8.74     6.300   0.000882 0.0129859
J1907+0534        0.36     11.94     8.900   0.001246 0.0513229
J1907+0731        0.35      4.95    11.000   0.00154 0.00857588
J1907+0740        0.41      6.84    13.200   0.001848 0.0191821
J1907+0918        0.29      7.68     4.400   0.000616 0.0171049
J1907+1149        0.13      5.16    15.000   0.0021 0.00346133
B1906+09          0.23      5.17    26.000   0.00364 0.00614765
J1908+0457        0.93      9.30    42.000   0.00588 0.0804357
J1908+0500        0.79      4.43     3.900   0.000546 0.0155037
J1908+0734        0.54      0.58     2.800   0.000392 0.000181656
J1908+0839        0.49      9.42     5.100   0.000714 0.0434808
J1908+0909        0.22      8.81     6.900   0.000966 0.0170755
B1907+00          0.87      3.26     8.000   0.00112 0.00924601
B1907+02          0.63      4.35    11.000   0.00154 0.0119212
B1907+10          1.90      4.31     4.800   0.000672 0.0352946
J1909+0616        0.33      8.59    32.500   0.00455 0.0243501
J1909+0912        0.35      8.20    10.000   0.0014 0.023534
J1909-3744        3.00      1.14     0.043   6.02e-06 0.0038988
B1907-03          0.55     10.25     7.600   0.001064 0.0577844
B1907+03          1.50      2.95   265.000   0.0371 0.0130538
B1907+12          0.28      6.47    18.000   0.00252 0.0117211
J1910-0112        0.07      6.26    50.000   0.007 0.00274313
J1910+0225        0.60      6.33    16.400   0.002296 0.0240413
J1910+0534        0.41     15.39    25.800   0.003612 0.0971094
J1910+0714        0.36      3.60    22.000   0.00308 0.0046656
J1910+0728        0.87      6.05    15.000   0.0021 0.0318442
J1910-5959A       0.21      4.50     0.400   5.6e-05 0.0042525
J1910-5959B       0.05      4.50     0.600   8.4e-05 0.0010125
J1910-5959C       0.24      4.50     1.300   0.000182 0.00486
J1910-5959D       0.05      4.50     0.700   9.8e-05 0.0010125
J1910-5959E       0.07      4.50     0.600   8.4e-05 0.0014175
J1911-1114        0.50      1.59     0.350   4.9e-05 0.00126405
J1911+1347        0.08      1.61     0.160   2.24e-05 0.000207368
B1910+10          0.22      4.23    15.000   0.0021 0.00393644
B1910+20          0.80      4.84     9.900   0.001386 0.0187405
B1911-04          4.40      3.22     7.500   0.00105 0.045621
B1911+09          0.14      4.22    18.000   0.00252 0.00249318
B1911+13          1.20      5.07     6.200   0.000868 0.0308459
J1913+0446        0.48      3.41    16.000   0.00224 0.00558149
J1913+0832        0.60      7.76    77.000   0.01078 0.0361306
J1913+0904        0.07      3.49     2.900   0.000406 0.000852607
J1913+1000        0.53      7.86    32.000   0.00448 0.0327432
J1913+1011        0.50      4.48     2.100   0.000294 0.0100352
J1913+1145        0.43     15.06    14.400   0.002016 0.0975255
B1911+11          0.55      3.44    25.000   0.0035 0.00650848
J1914+0219        0.75      9.71    16.000   0.00224 0.0707131
J1914+0631        0.26      2.68    12.600   0.001764 0.00186742
B1913+10          1.30      5.32     6.700   0.000938 0.0367931
B1913+16          0.90      7.13     7.400   0.001036 0.0457532
J1915+0227        0.55      7.00     7.300   0.001022 0.02695
J1915+0738        0.34      1.98    11.000   0.00154 0.00133294
J1915+0752        0.21      3.56    24.000   0.00336 0.00266146
J1915+0838        0.29      8.27    14.000   0.00196 0.0198339
J1915+1410        0.10      7.75    15.000   0.0021 0.00600625
B1913+105         0.22      7.55    20.000   0.0028 0.0125405
B1914+09          0.91      2.88     9.600   0.001344 0.0075479
B1914+13          1.20      6.16     6.200   0.000868 0.0455347
J1916+0748        2.80      8.24    80.000   0.0112 0.190113
J1916+0844        0.44      7.97     8.300   0.001162 0.0279492
J1916+0852        0.13      6.32    48.000   0.00672 0.00519251
J1916+1023        0.36      6.93    72.000   0.01008 0.017289
B1915+13          1.90      4.07     4.000   0.00056 0.0314733
J1917+0834        0.31      1.51    68.000   0.00952 0.000706831
B1916+14          1.00      1.41    28.000   0.00392 0.0019881
B1917+00          0.80      3.32    10.100   0.001414 0.00881792
J1919+0134        0.77     10.23    55.000   0.0077 0.0805827
J1920+1040        0.57      7.23    45.000   0.0063 0.0297956
J1920+1110        0.39      5.01    10.200   0.001428 0.00978904
B1918+19          1.70      8.15    40.300   0.005642 0.112918
B1919+14          0.68      4.08    22.000   0.00308 0.0113196
B1919+21          6.00      0.66    30.900   0.004326 0.0026136
B1920+21          1.40     12.50    14.800   0.002072 0.21875
B1924+14          0.48      8.02    16.000   0.00224 0.0308738
B1924+16          1.30      7.74    14.600   0.002044 0.0778799
J1927+0911        0.16      7.19     3.700   0.000518 0.00827138
B1927+13          0.18      8.28    17.000   0.00238 0.0123405
J1930+1852        0.06      5.00    15.000   0.0021 0.0015
B1929+10         36.00      0.36     7.400   0.001036 0.0046656
B1929+20          1.20      9.15    18.400   0.002576 0.100467
B1930+22          1.20      9.80     5.700   0.000798 0.115248
B1930+13          0.42      8.10    29.000   0.00406 0.0275562
J1933-6211        2.30      0.63     0.360   5.04e-05 0.00091287
B1933+16         42.00      7.93     9.000   0.00126 2.64117
B1935+25          2.30      2.76    15.500   0.00217 0.0175205
J1937+1505        0.13     20.38    46.000   0.00644 0.0539948
B1937+21         10.00      8.33     0.063   8.82e-06 0.693889
B1937-26          3.00      4.74     4.100   0.000574 0.0674028
B1940-12          0.70      1.64    11.800   0.001652 0.00188272
B1941-17          0.20      5.30    19.100   0.002674 0.005618
B1942-00          0.80      3.53    50.000   0.007 0.00996872
B1943-29          0.80      4.31     9.700   0.001358 0.0148609
B1944+17         10.00      0.85    13.500   0.00189 0.007225
B1946+35          8.30      7.87    19.300   0.002702 0.514076
B1946-25          0.40      1.34    10.400   0.001456 0.00071824
B1951+32          1.00      2.50     4.700   0.000658 0.00625
J1953+1846A       0.06      6.68     0.490   6.86e-05 0.00267734
B1952+29          8.00      0.42     6.000   0.00084 0.0014112
B1953+29          1.10      5.39     1.800   0.000252 0.0319573
B1953+50          4.00      1.80     6.000   0.00084 0.01296
B1957+20          0.40      1.53     0.035   4.9e-06 0.00093636
B2000+32          1.20      6.68    17.500   0.00245 0.0535469
B2000+40          4.90      8.30    24.800   0.003472 0.337561
B2002+31          1.80      8.94    21.300   0.002982 0.143862
J2005-0020        0.40      2.16    50.000   0.007 0.00186624
B2003-08          2.80      2.01    13.200   0.001848 0.0113123
J2010-1323        1.60      1.29     0.440   6.16e-05 0.00266256
B2011+38          6.40     13.07    22.700   0.003178 1.09328
B2016+28         30.00      0.97    14.900   0.002086 0.028227
J2021+3651        0.10     18.88     9.900   0.001386 0.0356454
B2020+28         38.00      2.70    12.000   0.00168 0.27702
B2021+51         27.00      2.00     7.400   0.001036 0.108
B2022+50          2.20      1.80     4.700   0.000658 0.007128
B2027+37          0.60      7.00    22.300   0.003122 0.0294
B2035+36          0.80      5.05    10.700   0.001498 0.020402
B2036+53          0.30     13.83    23.700   0.003318 0.0573807
B2043-04          1.70      3.83    20.800   0.002912 0.0249371
B2044+15          1.70      2.56     9.600   0.001344 0.0111411
B2045+56          0.30      9.67    14.000   0.00196 0.0280527
B2045-16         13.00      0.58    84.200   0.011788 0.0043732
J2051-0827        2.80      1.28     0.340   4.76e-05 0.00458752
B2048-72          6.00      1.05    28.000   0.00392 0.006615
B2053+36          2.60      5.56     7.200   0.001008 0.0803754
B2106+44          5.40      5.28    27.200   0.003808 0.150543
B2110+27          1.10      1.39    13.000   0.00182 0.00212531
B2111+46         19.00      4.99    32.100   0.004494 0.473102
B2113+14          0.80      4.43     9.500   0.00133 0.0156999
J2124-3358        1.60      0.25     0.510   7.14e-05 0.0001
B2127+11A         0.20     12.90     2.500   0.00035 0.033282
J2129-5721        1.40      2.55     0.310   4.34e-05 0.0091035
J2144-3933        0.80      0.17    25.000   0.0035 2.312e-05
J2145-0750        8.00      0.50     0.380   5.32e-05 0.002
B2148+63          2.90     13.65    18.100   0.002534 0.540335
B2148+52          2.00      5.67    11.100   0.001554 0.0642978
B2152-31          0.50      0.97    19.900   0.002786 0.00047045
B2154+40         17.00      5.58    38.600   0.005404 0.529319
J2208+5500        0.26      3.55     8.600   0.001204 0.00327665
B2210+29          0.90      4.76    51.200   0.007168 0.0203918
J2217+5733        0.26      6.82    13.000   0.00182 0.0120932
B2217+47          3.00      2.45     7.500   0.00105 0.0180075
B2224+65          2.00      2.00    21.100   0.002954 0.008
B2227+61          0.80      5.70    25.800   0.003612 0.025992
J2229+2643        0.90      1.43     0.580   8.12e-05 0.00184041
J2229+6114        0.25     12.03     4.000   0.00056 0.0361802
B2241+69          0.40      2.30    25.800   0.003612 0.002116
J2248-0101        0.90      2.28    13.000   0.00182 0.00467856
B2255+58          9.20      6.40    14.800   0.002072 0.376832
B2303+30          2.20      3.92    17.400   0.002436 0.0338061
B2306+55          1.90      2.42    26.900   0.003766 0.0111272
B2310+42         15.00      0.95     8.800   0.001232 0.0135375
B2315+21          0.90      1.45    20.200   0.002828 0.00189225
J2317+1439        4.00      1.89     0.460   6.44e-05 0.0142884
B2319+60         12.00      3.21   131.100   0.018354 0.123649
B2323+63          2.10     10.86   131.200   0.018368 0.247673
B2324+60          4.40      4.82    14.700   0.002058 0.102223
B2327-20          3.00      0.49    17.200   0.002408 0.0007203
B2334+61          1.40      2.47    14.500   0.00203 0.00854126
J2346-0609        2.00      1.96    69.000   0.00966 0.0076832
B2351+61          5.00      3.31    10.400   0.001456 0.0547805
