J0156+04** 300 1.3 3.8 0.00133 0.507
J0410-31 470 0.5 16 0.0224 0.1175
J0544-20 300 1.8 2.3 0.000805 0.972
J0550+09 100 2.9 22.5 0.007875 0.841
J0627+16 150 3.2 0.3 0.00042 1.536
J0628+09 85 2.5 10 0.014 0.53125
J0735-62 580 0.9 14 0.0196 0.4698
J0837-24** 420 6.3 1 0.0014 16.6698
J0845-36* 230 0.4 2 0.0028 0.0368
J0847-4316 100 5.5 30 0.042 3.025
J0912-38 190 0.52 6 0.0084 0.051376
J0941-39 580 0.56 6 0.0084 0.181888
J1014-48 140 2.6 21 0.0294 0.9464
J1048-5838 630 1.8 3.7 0.00518 2.0412
J1111-55** 80 5.8 16 0.0224 2.6912
J1129-53 320 2.1 14 0.0196 1.4112
J1135-49* 120 3.5 9 0.0126 1.47
J1216-50 130 3.4 9 0.0126 1.5028
J1226-3223 590 1.4 26 0.0364 1.1564
J1307-67 70 1.3 32 0.0448 0.1183
J1308-67** 270 1.2 2 0.0028 0.3888
J1311-59* 130 3.1 16 0.0224 1.2493
J1317-5759 1100 3.2 10 0.014 11.264
J1404-58** 220 4.9 4 0.0056 5.2822
J1423-56 930 0.99 4.5 0.0063 0.911493
J1424-56** 110 0.89 22 0.0308 0.087131
J1433+00 300 1.7 3.8 0.00133 0.867
J1444-6026 280 5.5 20 0.028 8.47
J1513-5946 830 3.1 3.3 0.00462 7.9763
J1534-46 140 1.75 10 0.014 0.42875
J1541-42* 150 1.9 4 0.0056 0.5415
J1549-57 210 0.76 4 0.0056 0.121296
J1554-5209 1400 4.5 1 0.0014 28.35
J1610-17* 230 2.2 5 0.007 1.1132
J1623-08 8 3.4 5 0.00175 0.09248
J1647-36 250 5.3 9.9 0.01386 7.0225
J1649-46* 135 5 16 0.0224 3.375
J1652-4406 40 8.4 64 0.0896 2.8224
J1653-2330 1300 2 0.52 0.000728 5.2
J1703-38 160 5.7 9 0.0126 5.1984
J1707-44 575 6.7 12.1 0.01694 25.8118
J1709-43* 240 4.4 3 0.0042 4.6464
J1717+03 200 1.15 8.4 0.00294 0.2645
J1720+00 200 1.8 7.2 0.00252 0.648
J1724-35 180 5.7 6 0.0084 5.8482
J1727-29** 160 1.85 7.2 0.01008 0.5476
J1753-12 160 1.9 14 0.0196 0.5776
J1753-38 440 3.9 2.5 0.0035 6.6924
J1754-30 160 2.2 16 0.0224 0.7744
J1807-25 410 7.6 4 0.0056 23.6816
J1819-1458 3600 3.5 3 0.0042 44.1
J1825-33 360 1.17 16.5 0.0231 0.492804
J1826-1419 600 3.3 2 0.0028 6.534
J1839-01 100 6.3 15 0.021 3.969
J1840-1419 1700 0.84 2.6 0.00364 1.19952
J1846-0257 250 5.2 16 0.0224 6.76
J1848-12 450 2.4 2 0.0028 2.592
J1850+15 200 1.8 6 0.0084 0.648
J1854+0306 540 5.5 15.8 0.02212 16.335
J1854-1557 50 4.75 65 0.091 1.12813
J1909+06 82 2.2 1.5 0.0021 0.39688
J1911+00 250 3.3 5 0.007 2.7225
J1913+1330 650 5.7 2 0.0028 21.1185
J1919+17 12 5.3 100 0.14 0.33708
J1925-16 160 3 10 0.014 1.44
J1928+15** 180 7.4 5 0.007 9.8568
J1946+24 101 4.3 6 0.0084 1.86749
J2033+00 140 2.3 38 0.0532 0.7406
