Name     duration     Tb      Freq   nu.W  SD^2
I         1 	    1.0e10   3.0e8  0.3  2.16763e-09
Istorm    6.0e5     1.0e9    1.0e8  60000  8.67052
IIIstorm  6.0e5     1.0e9    5.0e7  30000  2.16763
II        600       1.0e11   2.0e8  120  0.00346821
III	  10	    1.0e15   1.0e6  0.01  2.40848e-07
IVmoving  1800	    1.0e9    2.0e8  360  0.000312139
IVflcnt   1200	    1.0e12   2.0e8  240  0.138728
IVstrmcnt 7200	    1.0e9    3.0e8  2160  0.011237
V	  100	    1.0e11   1.0e8  10  2.40848e-05
micro	  100	    1.0e9    3.0e10  3000  0.0216763
microIV	  600	    1.0e9    3.0e10  18000  0.780347
micropost 3600	    1.0e7    1.0e10  36000  0.0312139
microspk  0.01	    1.0e13   5.0e9  0.05  6.02119e-08
